MSD	Bond length	EDF（all)	Coea M1(%)	Coea M2(%)	Bond orders	Mayer N1	Mayer N3	Mayer N5	Mayer N6	AMOP M1d	AP M2	TDOS	EN M2	Eads	prediction	
0.1141	2.112	68	32.33487	32.33487	0.61742	3.5452	3.52618	3.57098	3.42621	3.5975	12.60979	-4.90307	2.54	-0.93497	0.6538192	
0.0533	2.098	62	10.40372	1.9648	1.97587	3.51613	3.74291	3.69717	3.67473	5.31773	15.7252	-4.90426	2.2	-2.03288	1.0522817	
0.0109	2.314	68	11.78388	0.76472	0.6547	3.66059	3.5029	3.53133	3.43178	4.22159	10.79078	-4.84042	2.54	-0.84681	0.7374718	
0.0631	2.113	57	28.91874	0.55639	0.8686	3.60787	3.52938	3.46497	3.5408	4.6842	11.86679	-4.93925	1.65	-2.48681	1.285392	
0.0414	2.234	63	40.37422	4.73709	1.52002	3.50763	3.47664	3.37843	3.44412	3.75404	11.17995	-4.80216	1.3	-1.68708	-0.004048061	
0.0371	2.189	56	9.26841	7.90479	2.29728	3.58248	3.54162	3.56649	3.53564	4.66569	14.68863	-4.6313	1.55	-0.45034	0.28795618	
0.0654	2.441	69	1.42233	6.06813	2.04336	3.43056	3.71517	3.63034	3.66399	2.1844	16.04039	-4.82718	2.2	-3.39593	1.3268682	
0.0239	2.876	55	25.91807	0.67462	1.57555	3.54552	3.63177	3.59008	3.55211	5.6504	17.10049	-4.78957	1.88	-0.58776	1.1906133	
0.0309	2.771	60	5.5163	0.66743	0.55655	3.72414	3.53368	3.57022	3.45219	8.78963	10.86371	-4.77185	1.93	0.41143	0.6871842	
0.1339	2.998	64	0.59985	0.0843	0.63397	3.42579	3.30067	3.42242	3.31963	1.41777	11.82927	-4.85367	1.69	-2.72804	1.5564502	
0.0113	2.109	64	0.59659	23.45052	0.82556	3.564	3.63139	3.53611	3.58395	10.10769	14.89981	-4.85521	1.9	-0.74422	0.80260956	
0.072	2.103	62	3.21943	9.93647	0.44626	3.51414	3.63283	3.52234	3.64224	9.67374	15.94513	-4.67972	2.2	-1.46994	0.7708472	
0.0665	2.554	63	8.67866	8.40701	3.14237	3.49844	3.53593	3.57711	3.49298	5.7012	13.78869	-4.69039	2.36	-0.63674	0.5995935	
0.0508	2.887	64	22.7906	9.66776	1.02216	3.62754	3.64749	3.55736	3.6039	6.7668	17.01145	-4.66775	2.28	-0.73116	0.6794296	
0.0711	2.178	62	7.37489	1.88042	2.78173	3.52254	3.45384	3.49846	3.4188	6.71122	12.45253	-4.68022	1.5	-0.70476	0.24075359	
0.053	2.897	75	1.42427	0.72438	0.47187	3.34328	3.49411	3.52328	3.45063	10.00238	10.82031	-4.81907	2.54	-0.23401	0.6094466	
0.0173	2.134	62	9.4084	3.02537	0.88074	3.64604	3.69682	3.6757	3.64923	8.7771	18.01022	-4.6389	2.28	-0.26939	0.88277805	
0.1769	2.008	63	10.77328	9.85565	1.83085	3.62478	3.47843	3.43838	3.45291	4.77337	12.67044	-4.79407	1.5	-0.99048	-0.455296	
0.0382	2.167	69	17.43308	2.22641	1.50035	3.50186	3.62213	3.63685	3.57944	3.30547	18.05646	-4.75986	2.28	-1.11565	1.2470888	
0.0445	2.876	70	2.87072	1.90864	0.44477	3.56306	3.48467	3.50268	3.46498	9.6175	10.63621	-4.75027	2.54	-0.23646	0.38478017	
0.0631	2.109	60	4.43046	7.95298	1.76953	3.54031	3.4896	3.45119	3.4184	7.79195	11.4229	-4.68628	1.33	-0.80887	0.20008977	
0.0361	2.776	58	1.93933	11.57333	0.89506	3.45455	3.63713	3.47219	3.64262	1.5102	17.07798	-4.7978	1.88	-0.77679	1.0073501	
0.0852	2.345	67	0.96377	3.87385	3.03076	3.44252	3.63523	3.68439	3.60827	3.47228	15.94292	-4.71769	2.2	-2.72926	1.464142	
0.0449	2.189	57	4.4982	35.42704	1.45816	3.44345	3.62577	3.47143	3.58437	1.5921	14.77116	-4.78252	1.55	-0.63627	0.9691559	
0.0246	2.176	62	2.71541	7.08939	0.68733	3.41279	3.59507	3.50062	3.60698	1.39196	17.74275	-4.86481	2.2	-0.42068	0.96320075	
0.1047	2.098	57	10.82478	33.63108	1.2987	3.44453	3.52413	3.41972	3.50793	1.6119	12.67493	-4.86458	1.63	-1.13905	0.14179344	
0.0559	2.187	59	16.57334	4.25436	1.62262	3.59158	3.62322	3.59186	3.56272	6.8027	15.9501	-4.83824	2.2	-0.29763	0.89098936	
0.1301	2.099	71	1.11893	1.21666	1.52387	3.43688	3.6132	3.65904	3.5627	2.0909	18.13248	-4.78565	2.28	-2.83511	1.7664353	
0.0446	2.187	63	24.58797	27.93575	3.11362	3.45634	3.53367	3.56702	3.52646	3.6911	14.88188	-4.69222	1.9	-0.97723	0.4757884	
0.0448	2.879	64	7.15786	7.03274	1.55279	3.58406	3.6448	3.55026	3.58408	6.8028	15.92459	-4.84879	2.2	-0.30062	0.6245855	
0.0224	2.654	62	42.7771	1.57891	0.38445	3.55094	3.50383	3.55112	3.38959	3.6008	10.82372	-4.88951	1.93	-1.24898	0.6929199	
0.0509	2.134	67	2.16575	2.15281	2.37762	3.46445	3.59529	3.62654	3.50963	3.3668	17.15012	-4.72792	2.2	-1.25073	1.0063771	
0.0319	2.876	57	74.18465	5.80663	0.48972	3.61568	3.58882	3.53671	3.57543	5.63242	11.95197	-4.93482	1.65	-1.84273	1.1066266	
0.0616	2.187	64	1.0515	11.79669	0.55329	3.5235	3.6998	3.5941	3.70665	7.5535	17.11605	-4.66319	2.2	-0.34691	1.1803514	
0.0354	2.142	63	39.94097	0.2114	0.92249	3.63429	3.32342	3.37174	3.33671	5.0277	11.65779	-4.81161	1.69	5.11681	1.3140876	
0.0906	2.113	57	20.47469	4.88266	0.73731	3.5736	3.63105	3.64703	3.59591	7.62394	17.92784	-4.67619	2.2	-3.27495	1.4703698	
0.028	2.876	67	3.41707	2.27587	3.26683	3.56112	3.52566	3.5963	3.58037	4.7718	13.89622	-4.75271	2.36	-0.86014	1.3125039	
0.0418	2.453	70	0.12599	0.04597	1.18535	3.76117	3.68913	3.67701	3.62691	6.5061	18.01996	-4.68314	2.28	-0.44245	0.83461916	
0.0185	2.198	65	0.06943	0.05238	0.5187	3.61823	3.31439	3.32764	3.33733	8.8975	11.46502	-4.76364	1.69	-0.24435	0.112453714	
0.0192	2.124	65	0.03058	0.01501	2.19137	3.46753	3.56895	3.57294	3.48638	3.3453	17.04428	-4.71985	2.28	-1.15007	0.9230332	
0.0575	2.876	67	0.00655	0.11487	1.7356	3.48057	3.59859	3.52247	3.59469	5.76114	14.77077	-4.98213	1.9	-2.19783	1.4446652	
0.0376	2.134	67	0.49383	0.00565	0.8208	3.64435	3.33738	3.36879	3.3315	6.9301	11.47728	-4.71898	1.69	-0.28572	0.112453714	
0.1577	2.776	69	0.02117	0.30428	0.4646	3.39351	3.41329	3.33703	3.47142	9.61134	11.23728	-4.87752	1.3	-4.07893	1.0565271	
0.0394	2.334	67	0.22955	0.02954	0.61342	3.64015	3.53433	3.56752	3.43574	6.74524	10.75232	-4.70435	2.54	-7.09051	1.4930214	
-0.01176	2.176	67	0.00274	0.0004	0.37504	3.38709	3.29163	3.38436	3.31158	1.30927	11.93186	-4.84642	1.69	-1.1064	0.48282894	
0.075	2.876	60	0.30295	0.0371	1.64377	3.62771	3.42021	3.42777	3.41716	5.9074	10.60962	-4.76328	1.22	-0.73643	0.39567372	
0.077	2.176	63	0.23619	0.2263	3.32852	3.51419	3.51061	3.56623	3.47822	4.7594	13.79507	-4.68614	2.36	-0.82449	0.5606994	
0.0432	2.543	57	0.25294	0.01289	0.49721	3.64768	3.58102	3.59788	3.50145	6.80524	11.10014	-4.64667	1.9	-0.31293	1.0348054	
0.0576	2.189	69	0.01006	0.22765	0.88136	3.33592	3.79547	3.64506	3.76578	10.0361	15.95815	-4.74627	2.2	-0.26395	1.054682	
0.0557	2.776	62	0.61371	0.05853	0.59582	3.63291	3.36943	3.38752	3.338	5.7095	10.79515	-4.67243	1.93	-1.82667	0.66869545	
0.0166	2.109	76	0.05919	0.02044	0.65999	3.7079	3.56061	3.52943	3.49259	8.52684	10.62037	-4.78662	2.54	-0.51701	0.53216994	
0.0255	2.386	69	0.02493	0.02565	2.45777	3.45915	3.60087	3.62914	3.51339	3.0571	17.12842	-4.74698	2.2	-3.07484	1.9307852	
0.0332	2.864	68	0.82977	0.01027	0.66183	3.63622	3.52487	3.55094	3.42508	5.6543	10.75046	-4.84449	2.54	-0.57331	0.9087998	
0.0794	2.324	61	0.41973	0.15307	1.18721	3.57699	3.67586	3.63613	3.63455	7.7612	17.03448	-4.60786	2.2	-0.21143	0.92776257	
0.0246	2.967	56	0.09391	0.09357	3.39664	3.46169	3.56009	3.62089	3.46127	5.6663	14.70135	-4.65603	1.55	-0.45611	1.3863635	
0.041	2.765	65	0.01131	0.05636	1.86576	3.4516	3.61661	3.49867	3.60386	2.3991	15.95109	-4.80751	2.2	-1.19399	1.1050967	
0.1286	2.154	60	0.00947	0.00946	0.36198	3.51917	3.53726	3.52682	3.51881	9.6549	10.9932	-4.64227	1.9	-0.24762	0.639542	
0.0455	2.467	59	0.01899	0.02428	1.34885	3.62429	3.51476	3.50049	3.47116	8.81737	12.45604	-4.68583	1.6	-0.85236	0.61511356	
0.0497	2.907	64	0.01243	0.17126	0.95763	3.53881	3.59293	3.54054	3.50979	10.091	13.8654	-4.93621	2.36	-0.55445	0.88696676	
0.0164	2.178	64	0.02137	0.02135	3.31246	3.56306	3.52609	3.5955	3.56311	4.7648	13.7523	-4.75087	2.16	-0.90014	1.5633248	
0.0787	2.875	71	0.07712	0.03955	1.25897	3.61866	3.66296	3.65081	3.61273	8.46711	18.03024	-4.6949	2.28	-0.64515	1.0027204	
0.0308	2.123	61	0.27537	0.28759	2.19541	3.42709	3.56567	3.58022	3.46621	7.91793	17.09508	-4.686	2.28	-2.37209	1.2162968	
0.0234	2.432	61	0.01043	0.12704	0.93995	3.5358	3.60825	3.55277	3.53364	10.101	13.80931	-4.91092	2.16	-0.68131	0.8720873	
0.0152	2.198	68	0.68471	0.29014	1.49856	3.75504	3.72822	3.60342	3.63809	6.40568	17.09929	-4.83108	2.2	-0.39973	0.92776257	
0.0182	2.654	71	0.16746	0.01259	1.47708	3.59218	3.65261	3.64176	3.59727	4.118	17.99801	-4.90958	2.28	-0.98762	0.9719121	
0.0452	2.176	73	0.11887	0.0118	0.67332	3.49792	3.49868	3.54168	3.4143	2.33394	10.78673	-4.90085	2.54	-1.04558	1.0090096	
0.083	2.091	58	0.00126	0.00124	0.22492	3.56416	3.57917	3.52586	3.56283	10.1033	11.91974	-5.07081	1.65	-0.60681	1.1034384	
0.0652	2.654	67	0.36298	0.31481	1.91506	3.47626	3.39691	3.38282	3.39325	8.00904	11.12951	-4.70545	1.3	-3.0509	1.121743	
0.0164	2.154	64	0.03381	0.03374	1.85688	3.45793	3.5523	3.55459	3.64693	1.7671	14.98961	-4.75358	1.9	-1.56871	1.5791265	
0.0736	2.754	71	0.27225	0.04435	1.52835	3.48881	3.62443	3.65932	3.56305	2.98267	18.08651	-4.74157	2.28	-2.42709	1.9782192	
0.0648	2.765	62	0.25236	0.04442	1.74562	3.62391	3.46175	3.40465	3.39072	7.0048	11.0703	-4.81446	1.3	-1.33571	0.09969531	
0.0304	2.156	59	0.08549	0.01453	1.00208	3.63135	3.41647	3.37834	3.41831	6.8753	10.30853	-4.80105	1.22	-8.23002	0.9667287	
0.0278	2.987	66	0.06966	0.02485	1.96201	3.53968	3.65144	3.59853	3.54073	4.54258	17.16223	-4.67608	2.2	-0.76069	1.1446452	
0.0563	2.278	68	0.2684	0.30675	1.41613	3.50188	3.41815	3.44028	3.49022	2.8251	11.30935	-4.81219	1.3	-2.8894	1.2082416	
0.1487	2.987	70	0.31342	2.53142	0.71532	3.32225	3.4445	3.44265	3.36146	10.0538	11.04113	-4.85849	1.3	-3.62287	0.80380297	
0.0396	2.872	69	1.25202	4.65773	2.92961	3.43596	3.64332	3.68832	3.62101	3.16444	15.95564	-4.72253	2.2	-3.11892	1.7680705	
0.0219	2.167	64	20.49179	1.36918	1.05898	3.53365	3.68007	3.67782	3.60069	5.53355	18.0688	-4.67105	2.28	-0.7298	0.9785513	
0.0637	2.762	63	14.08849	0.16557	0.42617	3.51457	3.5007	3.54902	3.39855	2.47935	10.8839	-4.80532	1.93	-3.06008	2.0826313	
0.0684	2.145	64	3.36657	35.16207	1.31655	3.47476	3.57044	3.51501	3.53494	1.58972	13.92426	-4.7995	2.36	-2.32257	1.4793631	
0.0607	2.423	57	0.80666	10.20662	0.75488	3.494	3.62956	3.5243	3.61389	1.62313	13.78486	-4.81126	1.66	-2.50338	1.6861217	
0.0551	2.321	69	4.32206	3.92663	3.18993	3.50553	3.65859	3.67933	3.61263	4.2088	15.84529	-4.71768	2.2	-2.7211	1.2635058	
0.0658	2.673	69	0.5251	1.02046	0.49826	3.55915	3.49068	3.52063	3.42476	10.13076	10.84267	-4.91423	2.54	-0.52672	0.48531199	
0.0332	2.123	56	2.59729	14.88559	2.49328	3.40416	3.57873	3.59156	3.51058	2.5824	15.99358	-4.74932	1.83	-0.98898	1.0063771	
0.0433	2.875	60	5.9015	2.83639	2.89668	3.54518	3.59644	3.60281	3.49023	4.7122	15.88855	-4.65572	2.2	-0.84388	1.2232995	
0.0954	2.98	63	7.00895	0.99224	1.29156	3.51087	3.598	3.59175	3.54808	3.31115	18.01301	-4.73826	2.2	-1.11086	1.1030564	
0.0375	2.076	75	20.12591	1.40324	0.73834	3.6271	3.52017	3.54045	3.43389	4.25104	10.69162	-4.85659	2.54	-0.88426	0.6829538	
0.0961	2.706	72	0.66833	0.36879	0.54827	3.43994	3.48659	3.53334	3.39318	1.406	10.81863	-4.86135	2.54	-2.53838	2.0826313	
0.1006	2.179	56	39.90558	0.84836	0.45041	3.67968	3.6057	3.54049	3.56266	6.8861	11.92637	-4.92302	1.65	-0.53962	1.0023259	
0.089	2.901	63	2.78286	32.83394	0.52405	3.50492	3.52475	3.45816	3.55945	9.6342	12.5137	-4.81712	1.6	-1.08681	0.6741889	
0.1009	2.432	67	1.83058	5.37498	2.13976	3.47068	3.70511	3.61515	3.67519	2.4363	15.95342	-4.82111	2.2	-2.96875	1.3268682	
0.0245	2.234	67	5.29166	6.79833	0.95355	3.40162	3.46382	3.39488	3.38412	1.50423	11.12364	-4.89826	1.3	-1.19144	0.25816274	
0.0424	2.876	62	15.96949	4.79762	0.9166	3.66143	3.62159	3.63128	3.60907	6.8172	17.93744	-4.64285	2.2	-0.6166	0.92333955	
0.0594	2.123	61	1.00303	3.00324	0.12019	3.55348	3.4297	3.35221	3.44879	10.11946	10.35969	-5.02361	1.22	-3.06896	0.42717293	
0.0388	2.674	65	1.91418	5.44521	0.60288	3.5643	3.63747	3.62726	3.64173	10.1017	18.03881	-4.89525	2.28	-0.60245	0.83092904	
0.0021	2.123	56	10.53492	18.84323	3.26095	3.43535	3.50331	3.60207	3.4806	3.7781	14.8044	-4.71485	1.55	-0.78449	0.6679614	
0.0102	2.908	65	0.50858	2.24808	1.34724	3.45574	3.61057	3.65895	3.53265	1.47511	18.114	-4.72374	2.28	-2.29692	1.7104541	
0.0529	2.167	68	2.71109	0.11903	0.74701	3.42196	3.30816	3.44415	3.31464	2.2308	11.77587	-4.85079	1.69	-3.34345	1.401436	
0.0939	2.781	64	2.49193	10.54312	2.61093	3.45728	3.55503	3.61471	3.61475	2.80622	14.98525	-4.75023	1.9	-1.89261	1.2563835	
0.03	2.654	53	84.64012	6.28437	1.04356	3.60987	3.63802	3.68997	3.59803	6.7448	18.18919	-4.61764	1.91	-0.58476	0.6327497	
0.0579	2.501	60	8.43527	15.43126	0.94348	3.61092	3.68741	3.6439	3.63546	8.56599	17.14988	-4.6163	2.2	3.68249	1.7612578	
0.0293	2.601	61	20.14516	2.1471	0.61807	3.48104	3.4229	3.3234	3.42578	2.64822	10.37315	-4.90684	1.22	-0.0741	0.33399254	
0.023	2.331	62	11.09185	26.27799	1.13117	3.46344	3.51696	3.46908	3.44993	1.6059	12.61197	-4.88159	1.6	-1.45552	0.7697652	
0.0137	2.786	61	66.26641	1.86099	0.36263	3.67566	3.38839	3.39265	3.34624	7.8161	10.67786	-4.62571	1.93	-0.28645	0.13521226	
0.1088	2.908	69	0.49944	4.64439	2.02009	3.40534	3.60107	3.63976	3.50288	2.14774	17.25457	-4.72304	2.2	-3.19612	1.7104541	
0.0699	2.314	62	16.86971	4.26376	1.02418	3.62829	3.58841	3.63195	3.57278	4.6292	17.98154	-4.7789	2.2	-1.0803	1.053704	
0.031	2.304	68	5.45666	11.58385	1.24368	3.42031	3.60788	3.63288	3.52367	1.45249	18.07385	-4.72744	2.28	-0.35837	0.7215904	
0.0414	2.123	65	0.95696	0.24113	0.40658	3.52821	3.33387	3.31305	3.32279	9.68083	11.31037	-4.74456	1.69	-0.20435	0.112453714	
0.1627	2.876	61	17.12047	4.92423	3.17029	3.57821	3.43424	3.53211	3.46033	5.01583	12.52664	-4.7145	1.6	-1.35113	0.62956357	
0.0271	2.167	61	37.56439	11.21082	1.19472	3.59879	3.68365	3.62597	3.62232	6.79269	17.07094	-4.72711	2.2	-0.93957	1.2161467	
0.0345	2.987	64	10.6196	12.36546	0.86938	3.53769	3.41788	3.39732	3.42681	10.1067	11.28441	-4.96455	1.3	-4.23425	1.1370068	
0.0236	2.345	54	12.50432	12.57762	1.69935	3.57191	3.65534	3.60557	3.57025	6.815	15.88351	-4.80256	1.83	-0.3024	1.0808123	
0.0409	2.897	59	1.79216	5.96427	0.48889	3.56508	3.57535	3.58368	3.59795	10.1048	17.97646	-4.86731	2.2	-0.40042	0.58197784	
0.0439	2.189	56	0.61777	8.49489	3.37488	3.44269	3.52443	3.63878	3.53802	3.85191	13.91405	-4.72602	1.66	-1.78467	1.134365	
0.0787	2.367	61	1.98598	1.82452	1.62988	3.45653	3.53939	3.55274	3.60511	1.80976	13.77817	-4.76106	2.16	-1.86123	1.2752439	
0.0941	2.876	68	9.87427	33.02479	2.53941	3.4864	3.51255	3.54938	3.59608	2.6695	13.8954	-4.79787	2.36	-3.31465	1.507949	
0.0225	2.356	66	29.15622	12.59401	1.26661	3.60132	3.68686	3.60768	3.62961	6.82322	17.07655	-4.66953	2.2	-0.28626	0.9112852	
0.0668	2.876	52	8.18929	7.32161	0.83674	3.64128	3.67126	3.67722	3.64109	8.7819	18.18301	-4.57181	1.91	-0.19121	1.1127702	
0.0516	2.123	55	9.1487	0.27876	0.45503	3.66583	3.55063	3.53756	3.53242	8.8763	11.85517	-4.86291	1.65	-0.28808	0.639542	
0.0278	2.425	69	10.63428	3.77767	2.1027	3.54436	3.64271	3.62419	3.52857	4.14844	17.10211	-4.68611	2.2	-0.69548	0.7607508	
0.0207	2.876	64	3.17788	1.3974	0.85906	3.38425	3.37109	3.41548	3.38647	1.2429	10.3419	-4.88513	1.22	-1.72627	0.8147472	
0.0974	2.654	65	4.47078	56.27832	0.57487	3.5061	3.61463	3.5365	3.66679	9.6507	0.15168	-4.78128	2.28	5.11802	1.3147868	
0.04	2.543	65	1.47113	65.0249	0.63769	3.50905	3.62278	3.53486	3.67695	9.6373	14.87748	-4.7387	1.9	-0.79701	0.5145172	
0.0282	2.123	60	18.72654	5.8304	1.84084	3.4789	3.61932	3.54161	3.5827	3.63388	15.9325	-4.63521	2.2	-7.01249	1.524311	
0.102	2.745	66	0.7597	3.71452	1.00715	3.43024	3.65877	3.53443	3.65087	1.4338	17.13581	-4.84058	2.2	-0.30335	0.7793726	
0.0136	2.564	63	20.30066	3.92605	1.69836	3.59589	3.61801	3.34731	3.3292	4.54096	11.68512	-4.79764	1.69	-0.39162	-0.16364308	
0.0793	2.908	64	0.82376	7.97164	1.232	3.41384	3.62523	3.49442	3.63131	1.49114	15.97821	-4.79203	2.2	0.31293	0.717716	
0.1175	2.123	58	23.2669	0.60255	0.63797	3.51044	3.60119	3.51358	3.53295	3.5975	11.08445	-4.83816	1.9	-0.77995	0.91088694	
0.1673	2.651	62	1.09597	0.42191	0.47776	3.50161	3.41567	3.38416	3.43473	9.6657	10.1984	-4.8032	1.22	-1.10557	0.5137131	
0.0283	2.756	56	39.72711	30.81	0.78368	3.65101	3.64965	3.67426	3.609	8.7784	17.95672	-4.60044	2.2	-0.24206	1.825783	
0.0191	2.456	70	14.32472	16.99737	1.39993	3.41785	3.48912	3.4825	3.43599	2.19357	12.71578	-4.77481	1.5	-3.9598	1.6318748	
0.0981	2.654	68	5.2125	4.63703	2.06281	3.69801	3.78469	3.69322	3.69535	6.4216	15.90354	-4.92593	2.2	-2.57389	1.1298853	
-0.01009	2.321	70	3.65025	15.96017	2.28904	3.44554	3.53287	3.56005	3.5504	2.3396	14.01438	-4.81305	2.36	-3.85105	1.7960414	
0.0308	2.213	68	12.33953	61.8544	0.68886	3.42194	3.75814	3.61941	3.8438	9.64967	15.92939	-4.75643	2.2	-1.32245	0.93008167	
0.4184	2.876	61	1.18222	6.43212	1.42872	3.56867	3.47684	3.4918	3.45822	8.84723	12.37828	-4.65001	1.9	-0.64183	0.25670725	
0.0119	2.123	62	9.68917	13.60719	0.694	3.61979	3.62191	3.5916	3.59251	7.84498	17.9281	-4.6723	2.2	-0.18757	0.8483817	
0.0267	2.876	70	7.89315	16.36054	1.1875	3.47169	3.46098	3.41466	3.38268	2.2136	17.13899	-4.70507	1.3	-0.91481	0.14849253	
0.0237	2.345	59	2.34108	0.5949	1.46843	3.60922	3.47935	3.48382	3.46305	8.8388	11.37887	-4.72821	1.33	-1.22345	0.4269836	
0.107	2.765	67	55.60445	0.72269	0.94322	3.52241	3.30984	3.48374	3.32321	4.6138	11.58273	-4.78401	1.69	-0.80109	0.95636344	
0.0653	2.345	57	28.04953	0.4197	0.34702	3.52617	3.58453	3.47603	3.5805	3.71519	11.89236	-4.90494	1.65	-1.25364	0.9206279	
0.0518	2.123	58	65.48371	8.52962	0.50694	3.64319	3.5808	3.61641	3.49953	6.2436	11.12099	-4.68522	1.9	6.975	1.4624625	
0.0853	2.765	61	2.3433	0.7451	1.41503	3.60026	3.42911	3.44073	3.40525	8.8718	10.99272	-4.73434	1.3	-1.29519	0.09969531	
0.1092	2.798	56	16.16822	16.13285	3.45667	3.49772	3.53246	3.67176	3.49753	4.8408	13.81241	-4.71203	1.66	-0.68374	2.200914	
0.1403	2.134	63	9.61707	4.78277	3.27238	3.48582	3.57807	3.60809	3.51137	5.6991	14.77422	-4.66481	1.9	-0.64321	0.91427255	
0.0493	2.675	69	0.27039	5.12561	0.52422	3.33439	3.70582	3.573	3.70156	10.02432	17.1526	-4.75702	2.2	-0.32755	0.55122393	
0.032	2.908	62	3.74616	2.8744	0.72779	3.43358	3.49368	3.46926	3.47972	1.6453	11.5228	-4.86363	1.33	-4.82729	1.7287595	
0.0237	2.654	60	5.46331	1.94288	2.71426	3.50815	3.47213	3.51236	3.42051	6.86816	12.52371	-4.68638	1.6	-0.69965	0.39576784	
0.1476	2.876	56	10.38205	14.47449	2.15095	3.41615	3.58269	3.5536	3.47334	2.49291	17.23026	-4.66851	1.88	-0.96898	0.8533813	
0.0443	2.154	65	2.88385	45.37639	0.61952	3.52721	3.59549	3.50016	3.59849	9.63618	13.57792	-4.75968	2.36	-0.38857	0.47036752	
0.0401	2.509	55	9.1411	7.56396	2.66808	3.46012	3.5898	3.5794	3.51328	3.62178	15.87303	-4.60306	1.83	-0.6449	0.5448476	
0.0987	2.308	66	16.96689	11.55819	1.103	3.60729	3.68008	3.59856	3.65399	7.8519	17.05129	-4.63097	2.2	-0.29116	1.0534319	
0.0909	2.653	63	0.11283	0.67099	0.25856	3.53878	3.41915	3.42549	3.37191	10.12537	10.81709	-4.92619	1.93	-0.59581	0.3685806	
0.0465	2.134	70	1.08073	35.40647	0.92048	3.32431	3.60516	3.55874	3.50984	10.0172	13.81882	-4.80691	2.36	-2.87316	1.0252268	
0.0802	2.654	67	27.0206	1.40582	0.4675	3.50311	3.50399	3.53445	3.40389	2.33603	10.85245	-4.88161	1.93	-3.72712	1.8579646	
0.0185	2.312	57	63.66416	7.53312	0.9195	3.64272	3.6183	3.65434	3.57634	6.7712	17.93102	-4.63002	2.2	-0.58449	1.1190214	
0.1051	2.901	70	4.11733	3.06137	3.30045	3.5095	3.54175	3.57296	3.53084	4.26983	14.82276	-4.70174	1.9	-1.20554	0.8609782	
0.0629	2.543	67	95.79513	1.64495	0.5798	3.6395	3.53736	3.56937	3.44986	7.783	10.6547	-4.75432	2.54	-0.20355	0.4625179	
0.1435	2.785	66	8.80579	9.08967	1.71828	3.4968	3.45267	3.46459	3.49377	2.8186	11.59958	-4.79722	1.33	-2.48001	1.6647702	
0.0967	2.653	68	8.40909	22.06257	2.95438	3.49944	3.50673	3.56622	3.57515	3.62784	13.86227	-4.75253	2.36	-0.4806	0.59688723	
0.3965	2.123	67	2.11151	3.68876	2.24677	3.50004	3.4731	3.4494	3.45265	7.8803	12.34215	-4.7432	1.5	-2.88013	0.8893645	
0.0313	2.534	66	1.01309	0.61901	2.78594	3.50557	3.46391	3.5205	3.50596	3.7058	12.62479	-4.80169	1.6	-0.7815	0.55233747	
0.00343	2.765	67	4.13041	3.50471	2.78088	3.51776	3.4446	3.46083	3.42578	3.10011	12.50511	-4.70459	1.5	-0.19265	0.7332538	
0.1865	2.734	69	1.73224	18.61745	0.48707	3.40858	3.47669	3.42035	3.51725	9.6026	12.54936	-4.9193	1.5	-4.60905	0.55179447	
0.0929	2.643	70	5.67353	5.80886	3.37742	3.52675	3.5713	3.57223	3.52945	5.2928	14.75233	-4.70501	1.9	-0.60109	0.70696557	
0.1213	2.098	62	10.74834	3.37634	3.06503	3.52631	3.70137	3.70381	3.60511	4.7146	15.81946	-4.66228	2.2	-0.8763	1.2743062	
0.0363	2.134	67	4.30216	6.22263	1.60161	3.42678	3.54816	3.54155	3.64619	1.7027	14.94735	-4.76518	1.9	-1.98749	1.4173906	
0.0221	2.665	62	14.90242	11.34653	1.7586	3.47827	3.45684	3.48259	3.4925	2.8765	11.58483	-4.79973	1.33	-2.37813	1.6647702	
0.1661	2.432	72	91.61952	3.12414	0.54375	3.6551	3.56731	3.55341	3.4595	7.8728	10.689	-4.732	2.54	-0.62384	0.5400491	
0.068	2.345	54	62.1819	8.90203	0.76427	3.56228	3.65871	3.65207	3.61814	5.56524	18.08232	-4.61967	1.91	-0.17469	0.6878692	
0.0453	2.876	63	70.76262	8.46821	1.10117	3.62573	3.67572	3.67807	3.61305	6.767	17.98499	-4.64556	2.28	-0.50558	0.60568184	
0.0913	2.334	66	1.42236	3.15751	0.63084	3.53802	3.67655	3.61989	3.69558	9.59914	17.95696	-4.74231	2.28	-0.31184	0.8300159	
0.1079	2.764	64	14.24927	14.89866	0.80592	3.5781	3.68776	3.61133	3.66176	8.82307	17.03566	-4.70612	2.2	-0.31075	1.0617862	
0.0474	2.896	68	1.94721	21.76071	2.44958	3.48338	3.53176	3.56632	3.61454	2.61671	14.92807	-4.81417	1.9	-3.51294	1.507949	
0.0433	2.445	55	8.42663	1.56168	2.32946	3.46486	3.596	3.56773	3.46257	3.5613	17.22817	-4.65875	1.88	-1.02694	0.583362	
0.0792	2.887	63	48.50562	19.15482	2.4051	3.61689	3.40478	3.45708	3.46801	5.0153	11.1927	-4.77056	1.3	-1.16411	0.43021798	
0.0834	2.909	61	10.50215	73.40937	1.23746	3.66085	3.63064	3.57372	3.59319	8.76361	14.7813	-4.70732	1.9	0.6313	0.3172933	
0.0985	2.654	55	19.9102	2.89219	1.43008	3.59786	3.62583	3.54829	3.55772	4.73911	16.96069	-4.59515	1.88	0.39728	0.532175	
0.0636	2.897	65	1.28575	18.3198	1.28151	3.56667	3.60477	3.48021	3.60183	8.8013	13.72706	-4.88529	2.36	-1.04762	0.37774208	
0.0158	2.546	62	3.56215	7.01881	1.90541	3.51959	3.58026	3.57089	3.52413	7.77813	13.61809	-4.62307	2.36	4.6041	1.250308	
0.078	2.123	65	0.98727	1.52575	1.33081	3.52522	3.41156	3.36956	3.43901	8.9076	11.00177	-4.7847	1.3	-1.39021	0.053218503	
0.145	2.776	64	0.23753	8.26973	0.41938	3.44614	3.31104	3.37791	3.31583	10.1613	11.89462	-4.02534	1.39	-0.34482	0.042801652	
0.2498	2.539	54	16.73052	2.99441	1.20116	3.56056	3.61118	3.5861	3.53215	6.77394	16.99978	-4.61991	1.88	-0.53089	0.33510464	
0.0791	2.157	70	1.07482	4.03891	0.5953	3.45442	3.66568	3.58057	3.71565	9.53669	18.04645	-4.81748	2.28	-0.42686	0.66978914	
0.0654	2.864	70	4.67563	55.98583	0.58975	3.29958	3.49967	3.49458	3.4314	10.00038	12.66935	-4.80209	1.5	-3.16165	1.2757488	
0.0884	2.097	57	2.9522	8.13566	2.78269	3.41885	3.54035	3.61523	3.57799	2.7496	14.01364	-4.73464	1.66	-0.81984	1.369161	
0.2071	2.156	74	11.74327	0.8361	0.62091	3.70829	3.57165	3.548	3.47131	7.5155	10.67549	-4.77872	2.54	-0.65519	0.6332825	
0.3394	2.743	56	10.55051	10.56785	3.0578	3.47615	3.43667	3.51958	3.47584	3.843	12.75071	-4.75569	1.63	-0.62077	0.42944512	
0.1537	2.895	67	5.65946	1.05201	1.86298	3.58629	3.44928	3.40044	3.40852	7.0436	11.04402	-4.80454	1.3	-1.3566	-0.032560583	
0.1078	2.535	57	6.02194	5.75309	1.79165	3.43414	3.61851	3.47119	3.57552	2.57145	14.74849	-4.76666	1.55	-1.30341	1.1051494	
0.3482	2.145	67	1.99065	3.72789	2.12256	3.45249	3.59469	3.62937	3.51386	2.39895	17.19337	-4.72423	2.2	-2.87348	1.4526142	
0.2306	2.908	75	64.73572	2.26237	0.71867	3.67837	3.53006	3.54064	3.44985	5.4392	10.68773	-4.87113	2.54	-0.73633	0.7176432	
0.0762	2.556	88	18.96397	26.57555	2.77768	3.51428	3.44968	3.50413	3.50002	3.7113	12.64269	-4.80445	1.5	-0.79184	0.19039997	
0.0808	2.889	62	8.0988	1.82667	2.38416	3.47513	3.62671	3.62263	3.50807	3.5864	17.08895	-4.69702	2.2	-1.13437	1.0766367	
0.0121	2.643	61	1.40588	38.75558	0.70706	3.55544	3.64994	3.52833	3.63636	10.126	16.07449	-4.85325	2.2	-0.73037	0.6512897	
0.0308	2.833	63	18.17913	3.45519	0.90299	3.53846	3.65143	3.67297	3.62651	7.3451	18.01197	-4.62757	2.28	5.81771	1.8601297	
0.1282	2.654	69	38.34905	1.75463	0.61894	3.50905	3.50445	3.56148	3.42384	2.44531	10.78135	-4.81232	2.2	-1.48463	1.3409277	
0.0642	2.543	58	12.73444	12.63467	0.74651	3.63422	3.61304	3.62659	3.57601	8.76617	16.97624	-4.62273	2.28	-0.84626	1.0620583	
0.0316	2.764	61	26.54492	2.1384	0.38766	3.65862	3.39346	3.3922	3.35625	6.82511	10.73537	-4.63485	1.93	-5.62617	0.961066	
0.0762	2.654	60	13.12946	1.64782	1.72068	3.54453	3.58653	3.5852	3.55068	5.48323	15.3247	-4.93301	2.2	-3.14025	1.2971156	
0.0561	2.563	61	35.87715	9.71111	1.81665	3.58205	3.49937	3.44185	3.45632	5.69497	11.64614	-4.78756	1.33	-1.01715	-0.30028173	
0.0119	2.536	56	12.22738	0.24773	0.3287	3.65474	3.59002	3.53897	3.55308	7.7773	11.85383	-4.86792	1.65	0.22857	0.7758949	
0.0303	2.178	55	2.97936	1.45064	1.45015	3.44726	3.65443	3.6055	3.59685	2.461	18.30119	-4.70437	1.91	-1.24626	1.0591959	
0.0284	2.341	61	0.30803	5.64413	0.43117	3.57836	3.67253	3.51646	3.65788	10.11038	17.12161	-4.8992	2.28	-0.84245	0.8325038	
0.0676	2.098	61	13.10995	3.21346	0.62602	3.6681	3.31527	3.33991	3.33606	8.8504	11.46205	-4.70969	1.69	-0.204	-0.11221256	
0.085	2.345	58	6.34234	0.88861	0.1262	3.50885	3.57906	3.52181	3.55485	1.57256	11.84638	-5.02597	1.65	-1.41478	1.5410194	
0.0543	2.654	62	4.95422	1.15883	0.51548	3.63621	3.32133	3.31933	3.33179	7.72097	11.51602	-4.72987	1.69	4.62454	1.2444358	
0.0447	2.178	63	1.19782	7.18861	1.48708	3.46285	3.75043	3.62509	3.71935	1.54871	15.9768	-4.81942	2.2	-2.59275	1.4690149	
0.1229	2.009	58	21.02494	20.9701	1.69087	3.44194	3.46819	3.37151	3.44226	0.1894	11.38738	-4.85666	1.54	-1.19184	0.07700847	
0.1031	2.134	64	3.26828	28.53639	0.96463	3.50768	3.49866	3.4741	3.43138	10.08056	12.57492	-4.9116	1.5	-0.97325	0.27277464	
0.0529	2.665	72	48.4902	0.76019	0.54228	3.6399	3.54873	3.53878	3.43697	6.86015	10.71574	-4.80291	2.54	-0.763	1.0626341	
0.0159	2.145	59	1.00564	0.12623	0.40007	3.50267	3.54927	3.49858	3.53184	9.71624	11.76769	-4.85168	1.65	-0.24925	0.639542	
0.1158	2.659	66	64.75975	2.02939	0.45552	3.65164	3.36364	3.38772	3.3512	6.78846	10.71952	-4.59738	1.93	-0.62286	0.14391436	
0.0483	2.618	62	1.86244	0.75114	2.15963	3.46606	3.46787	3.52038	3.51164	2.85739	12.61479	-4.77114	1.6	-1.67281	1.4168415	
0.0569	2.638	69	0.88291	1.16928	1.60717	3.48645	3.59297	3.64759	3.56375	2.3276	18.05107	-4.77975	2.28	-1.30776	1.1256664	
0.0496	2.601	58	17.18708	1.73938	1.16509	3.51479	3.60311	3.59375	3.56001	3.69126	18.02681	-4.68318	2.2	-1.00409	0.9351388	
0.065	2.65	53	48.08	20.94895	0.87408	3.5608	3.64107	3.67574	3.61374	7.77715	18.10197	-4.55471	1.91	5.1474	1.6483202	
0.1351	2.125	62	39.17215	39.08849	1.8747	3.50031	3.42396	3.43377	3.3808	7.93723	11.17991	-4.74859	1.3	-0.26858	-0.6265704	
0.0161	2.478	63	2.08227	0.99546	2.82391	3.50697	3.45089	3.50949	3.4946	3.8923	12.52981	-4.787	1.5	-0.54286	0.38531652	
0.0511	2.654	63	1.7569	5.19026	2.10029	3.43776	3.72099	3.62801	3.6822	2.5087	15.95255	-4.77827	2.2	-1.07592	0.9406308	
0.0957	2.634	64	9.85399	76.5142	0.66632	3.51644	3.76913	3.6659	3.81254	9.66519	15.9211	-4.64682	2.2	-1.18503	1.0604473	
0.1145	2.178	66	1.07467	7.28938	1.42672	3.42348	3.73724	3.6031	3.72288	1.51176	15.97426	-4.82803	2.2	-0.30335	0.8964812	
0.0631	2.554	54	27.76136	3.12785	1.03123	3.48639	3.66384	3.5868	3.62535	3.61633	18.23775	-4.55321	1.91	-0.75102	0.6956494	
0.0567	2.341	61	75.03934	10.91033	1.23373	3.59523	3.71196	3.57459	3.66198	5.20729	18.23012	-4.70641	2.2	4.24764	1.7005426	
0.0283	2.593	61	28.59415	4.99046	1.48346	3.50066	3.47541	3.41908	3.46402	3.83178	11.3541	-4.78602	1.33	-1.20137	-0.30028173	
0.0159	2.501	62	3.06777	1.97399	2.25487	3.52147	3.47571	3.4952	3.43628	7.842	12.30523	-4.70456	1.5	-1.16651	0.3307685	
0.0177	2.684	57	14.70846	23.47535	1.58185	3.45872	3.52902	3.42152	3.50131	3.72287	12.67314	-4.77078	1.63	-0.58504	-0.22212851	
0.0397	2.63	75	8.99969	1.2852	0.69097	3.46265	3.4986	3.5393	3.40406	2.05091	10.78812	-4.91602	2.54	-1.04762	0.93935764	
0.0201	2.212	68	10.69087	4.99778	1.07759	3.64636	3.67351	3.65468	3.63801	6.8076	18.00442	-4.66172	2.28	-0.55619	0.7030964	
0.1158	2.727	63	83.44772	0.54017	0.72328	3.47992	3.31059	3.38522	3.32691	3.63456	11.68736	-4.8295	1.69	-0.9279	0.5388132	
