MSD	Bond length	Valence electrons	Valence electrons	Electronegativity	Electronegativity	Atomic mass	Atomic mass	Shell electrons	Shell electrons	Atomic radius	Atomic radius	Atomic number	Atomic number	Group number	Group number	Period number	Period number	First ionization energy	First ionization energy	Electron affinity	Electron affinity	Core electrons	Core electrons	EDF primitive GTFs	EDF primitive GTFs	EDF primitive GTFs	Composition of each atom	Composition of each atom	Orbital delocalization index	Bond orders with absolute value	Total valences defined by Mayer	Total valences defined by Mayer	Total valences defined by Mayer	Total valences defined by Mayer	Total valences defined by Mayer	Total valences defined by Mayer	Total valences defined by Mayer	Total valences defined by Mayer	Angular Momentum Orbital Populations	Atomic orbitals	Atomic Populations	Atomic Populations	Net Charge	Net Charge	Center of TDOS	Energy of adsorption	Reaction energy barrier
0.029	2.927	1.00000 	1.00000 	1.36000 	1.36000 	44.95600 	44.95600 	1.00000 	1.00000 	184.00000 	184.00000 	21.00000 	21.00000 	3.00000 	3.00000 	4.00000 	4.00000 	633.10000 	633.10000 	18.10000 	18.10000 	10.00000 	10.00000 	29.00000 	29.00000 	58.00000 	4.51740 	4.76520 	2.56000 	0.28872 	3.88310 	3.88110 	3.50120 	3.34160 	3.48320 	3.48180 	3.34500 	3.50000 	1.62300 	1.62340 	10.36872 	10.36881 	0.63128 	0.63119 	-4.78111 	-1.45035 	0.05986
0.0464	2.749	2.00000 	3.00000 	1.33000 	1.50000 	91.22400 	180.95000 	12.00000 	13.00000 	206.00000 	200.00000 	40.00000 	73.00000 	4.00000 	5.00000 	5.00000 	6.00000 	640.10000 	761.00000 	41.10000 	31.00000 	28.00000 	60.00000 	33.00000 	35.00000 	68.00000 	2.76271 	1.80227 	2.42000 	1.95372 	5.29256 	5.79700 	3.49787 	3.47296 	3.45266 	3.45665 	3.46825 	3.52800 	2.77720 	3.53462 	11.68615 	12.65261 	0.31385 	0.34739 	-4.78111 	-1.88028 	0.20408
0.0655	2.668	8.00000 	10.00000 	2.28000 	1.93000 	102.91000 	107.87000 	18.00000 	20.00000 	173.00000 	165.00000 	45.00000 	47.00000 	9.00000 	11.00000 	5.00000 	5.00000 	719.70000 	731.00000 	109.70000 	125.60000 	28.00000 	36.00000 	32.00000 	34.00000 	66.00000 	12.74441 	0.77477 	3.67000 	0.35293 	3.91478 	1.42387 	3.66482 	3.53237 	3.37187 	3.67335 	3.37718 	3.36218 	7.93810 	9.90980 	17.04014 	10.65718 	-0.04014 	0.34282 	-4.61041 	-0.83266 	1.55647
0.0963	2.689	1.00000 	10.00000 	1.36000 	1.90000 	44.95600 	63.54600 	1.00000 	10.00000 	184.00000 	145.00000 	21.00000 	29.00000 	3.00000 	11.00000 	4.00000 	4.00000 	633.10000 	745.50000 	18.10000 	118.40000 	10.00000 	18.00000 	29.00000 	30.00000 	59.00000 	1.13060 	1.05899 	2.36000 	0.53329 	3.79192 	2.94796 	3.48316 	3.42724 	3.56871 	3.47721 	3.52268 	3.51042 	1.46780 	9.65860 	10.26132 	11.11157 	0.73868 	-0.11157 	-4.81194 	-1.34422 	-0.10068
0.0476	2.579	7.00000 	5.00000 	1.88000 	2.16000 	58.93300 	95.95000 	7.00000 	10.00000 	152.00000 	190.00000 	27.00000 	42.00000 	9.00000 	6.00000 	4.00000 	5.00000 	760.40000 	684.30000 	63.70000 	71.90000 	10.00000 	28.00000 	27.00000 	32.00000 	59.00000 	1.02781 	17.36873 	5.29000 	1.78419 	5.37583 	6.28006 	3.39412 	3.61207 	3.61089 	3.49350 	3.51696 	3.59077 	7.50739 	4.71091 	16.73772 	13.79552 	0.26228 	0.20449 	-4.71162 	-0.16054 	0.73742
0.039	2.623	6.00000 	5.00000 	1.83000 	2.16000 	55.84500 	95.95000 	6.00000 	10.00000 	156.00000 	190.00000 	26.00000 	42.00000 	8.00000 	6.00000 	4.00000 	5.00000 	762.50000 	684.30000 	15.70000 	71.90000 	10.00000 	28.00000 	27.00000 	32.00000 	59.00000 	5.19808 	9.13594 	3.26000 	2.91390 	5.77799 	6.47421 	3.51737 	3.57853 	3.57818 	3.62057 	3.60113 	3.49929 	6.83910 	4.55960 	15.96440 	13.57722 	0.03560 	0.42278 	-4.65776 	-0.95783 	0.5932
0.0499	2.875	10.00000 	2.00000 	1.90000 	1.30000 	63.54600 	178.49000 	10.00000 	22.00000 	145.00000 	208.00000 	29.00000 	72.00000 	11.00000 	4.00000 	4.00000 	6.00000 	745.50000 	658.50000 	118.40000 	0.00000 	18.00000 	60.00000 	30.00000 	35.00000 	65.00000 	3.08371 	38.70278 	16.07000 	0.56983 	2.87569 	4.38733 	3.51876 	3.46269 	3.44856 	3.58366 	3.38119 	3.42655 	2.05756 	24.19210 	11.03394 	11.13562 	-0.03394 	0.86438 	-4.81885 	-1.51293 	1.35073
0.0397	2.911	10.00000 	10.00000 	1.93000 	1.69000 	107.87000 	112.41000 	20.00000 	20.00000 	165.00000 	161.00000 	47.00000 	48.00000 	11.00000 	12.00000 	5.00000 	5.00000 	731.00000 	867.80000 	125.60000 	0.00000 	36.00000 	36.00000 	34.00000 	35.00000 	69.00000 	0.92823 	0.87270 	2.24000 	0.34117 	2.31726 	2.08892 	3.33361 	3.30221 	3.49676 	3.33330 	3.48078 	3.42362 	9.67914 	10.02176 	10.84002 	11.34789 	0.15998 	0.65212 	-4.83154 	-1.49388 	1.28708
0.0402	2.614	10.00000 	3.00000 	2.20000 	1.50000 	106.42000 	180.95000 	20.00000 	13.00000 	169.00000 	200.00000 	46.00000 	73.00000 	10.00000 	5.00000 	5.00000 	6.00000 	804.40000 	761.00000 	53.70000 	31.00000 	28.00000 	60.00000 	30.00000 	35.00000 	65.00000 	1.65955 	7.16760 	2.54000 	1.33095 	3.57071 	5.71523 	3.53130 	3.61268 	3.49976 	3.59480 	3.42894 	3.49789 	2.97918 	8.85373 	17.88412 	12.33924 	-0.03364 	0.66077 	-4.73052 	-1.41769 	1.16191
0.0443	2.728	1.00000 	2.00000 	1.36000 	1.54000 	44.95600 	47.86700 	1.00000 	2.00000 	184.00000 	176.00000 	21.00000 	22.00000 	3.00000 	4.00000 	4.00000 	4.00000 	633.10000 	658.80000 	18.10000 	7.60000 	10.00000 	10.00000 	29.00000 	29.00000 	58.00000 	12.13446 	21.18516 	6.99000 	0.50535 	3.73382 	4.63286 	3.44920 	3.36420 	3.48679 	3.47413 	3.35273 	3.47446 	1.49607 	2.44090 	10.26256 	11.20511 	0.73744 	0.79489 	-4.85102 	0.48980 	0.06259
0.0419	2.518	5.00000 	5.00000 	1.66000 	1.90000 	51.99600 	186.21000 	5.00000 	25.00000 	166.00000 	188.00000 	24.00000 	75.00000 	6.00000 	7.00000 	4.00000 	6.00000 	652.90000 	760.00000 	64.30000 	14.50000 	10.00000 	60.00000 	28.00000 	35.00000 	63.00000 	2.73697 	5.50795 	2.87000 	2.08268 	6.69059 	6.38854 	3.58269 	3.56236 	3.64857 	3.62949 	3.54298 	3.59553 	4.70058 	5.37497 	13.79699 	14.83641 	0.20301 	0.16359 	-4.72220 	-0.47891 	0.20136
0.0193	2.576	5.00000 	8.00000 	2.16000 	2.28000 	95.95000 	102.91000 	10.00000 	18.00000 	190.00000 	173.00000 	42.00000 	45.00000 	6.00000 	9.00000 	5.00000 	5.00000 	684.30000 	719.70000 	71.90000 	109.70000 	28.00000 	28.00000 	32.00000 	32.00000 	64.00000 	7.60939 	2.12169 	2.75000 	1.75644 	6.31118 	4.54095 	3.52852 	3.54325 	3.60619 	3.62611 	3.52138 	3.55479 	4.54725 	7.86712 	13.58613 	17.05826 	0.41386 	-0.05827 	-4.66871 	-0.87892 	0.2449
0.1037	2.868	5.00000 	10.00000 	2.16000 	1.93000 	95.95000 	107.87000 	10.00000 	20.00000 	190.00000 	165.00000 	42.00000 	47.00000 	6.00000 	11.00000 	5.00000 	5.00000 	684.30000 	731.00000 	71.90000 	125.60000 	28.00000 	36.00000 	32.00000 	34.00000 	66.00000 	8.00971 	1.18106 	3.12000 	0.70050 	6.12939 	1.86070 	3.36875 	3.41143 	3.61855 	3.35588 	3.52946 	3.59111 	4.57844 	9.81392 	13.78774 	10.77956 	0.21226 	0.22045 	-4.65192 	-1.03402 	1.10477
0.08	2.668	7.00000 	8.00000 	1.88000 	2.28000 	58.93300 	102.91000 	7.00000 	18.00000 	152.00000 	173.00000 	27.00000 	45.00000 	9.00000 	9.00000 	4.00000 	5.00000 	760.40000 	719.70000 	63.70000 	109.70000 	10.00000 	28.00000 	27.00000 	32.00000 	59.00000 	77.51225 	18.83359 	63.64000 	0.60625 	4.09405 	3.87570 	3.63464 	3.55461 	3.69570 	3.68954 	3.48275 	3.67649 	7.82220 	7.93650 	17.09634 	16.94192 	-0.09634 	0.05808 	-4.69889 	-0.45714 	1.33334
0.0729	2.406	8.00000 	6.00000 	2.28000 	2.20000 	102.91000 	190.23000 	18.00000 	26.00000 	173.00000 	185.00000 	45.00000 	76.00000 	9.00000 	8.00000 	5.00000 	6.00000 	719.70000 	840.00000 	109.70000 	106.10000 	28.00000 	60.00000 	32.00000 	34.00000 	66.00000 	32.72630 	63.13488 	50.59000 	1.31902 	4.40970 	5.71082 	3.59925 	3.56588 	3.79481 	3.68508 	3.64485 	3.77682 	7.88386 	6.42217 	17.02851 	15.88408 	-0.02851 	0.11592 	-4.78096 	-0.51701 	0.68844
0.1019	2.503	3.00000 	4.00000 	1.50000 	2.36000 	180.95000 	183.84000 	13.00000 	24.00000 	200.00000 	193.00000 	73.00000 	74.00000 	5.00000 	6.00000 	6.00000 	6.00000 	761.00000 	770.00000 	31.00000 	78.60000 	60.00000 	60.00000 	35.00000 	35.00000 	70.00000 	4.23729 	31.33896 	11.32000 	2.19048 	5.57365 	6.23500 	3.45833 	3.44524 	3.57677 	3.46809 	3.46961 	3.55868 	3.26076 	4.35802 	12.61063 	13.78625 	0.38937 	0.21375 	-4.77039 	-1.26803 	-2.04355
0.0196	2.542	10.00000 	10.00000 	1.90000 	2.20000 	63.54600 	106.42000 	10.00000 	20.00000 	145.00000 	169.00000 	29.00000 	46.00000 	11.00000 	10.00000 	4.00000 	5.00000 	745.50000 	804.40000 	118.40000 	53.70000 	18.00000 	28.00000 	30.00000 	30.00000 	60.00000 	1.10284 	1.96584 	2.32000 	0.54700 	2.97434 	3.23388 	3.54216 	3.56631 	3.64486 	3.58364 	3.59753 	3.66918 	9.60051 	8.81720 	11.02734 	17.90916 	-0.02734 	0.09084 	-4.73117 	-0.34014 	-0.03537
0.0789	2.939	1.00000 	10.00000 	1.36000 	1.93000 	44.95600 	107.87000 	1.00000 	20.00000 	184.00000 	165.00000 	21.00000 	47.00000 	3.00000 	11.00000 	4.00000 	5.00000 	633.10000 	731.00000 	18.10000 	125.60000 	10.00000 	36.00000 	29.00000 	34.00000 	63.00000 	0.75337 	1.33302 	2.27000 	0.25913 	3.86971 	1.80344 	3.45556 	3.42422 	3.37401 	3.48295 	3.35446 	3.34135 	1.45660 	9.83790 	10.29630 	10.76677 	0.70370 	0.23323 	-4.83094 	-1.65171 	-0.04626
0.0739	2.534	3.00000 	5.00000 	1.63000 	2.16000 	50.94000 	95.95000 	3.00000 	10.00000 	171.00000 	190.00000 	23.00000 	42.00000 	5.00000 	6.00000 	4.00000 	5.00000 	650.90000 	684.30000 	50.60000 	71.90000 	10.00000 	28.00000 	28.00000 	32.00000 	60.00000 	6.07242 	26.04888 	8.50000 	2.40283 	6.07967 	6.13531 	3.48802 	3.46025 	3.61743 	3.53330 	3.48940 	3.55039 	3.68612 	4.68795 	12.70115 	13.70385 	0.29885 	0.29615 	-4.72242 	-0.79728 	-0.58776
0.1047	2.636	5.00000 	5.00000 	1.66000 	2.16000 	51.99600 	95.95000 	5.00000 	10.00000 	166.00000 	190.00000 	24.00000 	42.00000 	6.00000 	6.00000 	4.00000 	5.00000 	652.90000 	684.30000 	64.30000 	71.90000 	10.00000 	28.00000 	28.00000 	32.00000 	60.00000 	2.59371 	1.55214 	2.54000 	3.29727 	6.51199 	6.42737 	3.58196 	3.64591 	3.52470 	3.56528 	3.63430 	3.51979 	4.96070 	4.70520 	13.96101 	13.57359 	0.03899 	0.42641 	-4.75228 	-0.86531 	-0.16327
0.0449	2.578	2.00000 	5.00000 	1.54000 	2.16000 	47.86700 	95.95000 	2.00000 	10.00000 	176.00000 	190.00000 	22.00000 	42.00000 	4.00000 	6.00000 	4.00000 	5.00000 	658.80000 	684.30000 	7.60000 	71.90000 	10.00000 	28.00000 	29.00000 	32.00000 	61.00000 	1.35231 	2.17249 	2.43000 	2.67429 	5.10260 	5.88370 	3.46870 	3.45240 	3.53269 	3.42617 	3.58859 	3.57395 	2.82400 	4.82140 	11.56767 	13.75790 	0.43233 	0.24210 	-4.76533 	-1.00681 	-0.61769
0.1432	2.575	4.00000 	10.00000 	1.60000 	2.54000 	92.90600 	196.97000 	14.00000 	30.00000 	198.00000 	174.00000 	41.00000 	79.00000 	4.00000 	11.00000 	5.00000 	6.00000 	652.10000 	890.10000 	86.10000 	222.80000 	28.00000 	68.00000 	33.00000 	40.00000 	73.00000 	22.28208 	2.43530 	6.62000 	0.68372 	5.68418 	2.73172 	3.42977 	3.55970 	3.49602 	3.51903 	3.42475 	3.51471 	3.45290 	9.27180 	12.54967 	10.76646 	0.45033 	0.23354 	-4.90265 	-1.28164 	-0.59592
0.196	2.514	5.00000 	7.00000 	2.16000 	2.20000 	95.95000 	101.07000 	10.00000 	17.00000 	190.00000 	178.00000 	42.00000 	44.00000 	6.00000 	8.00000 	5.00000 	5.00000 	684.30000 	710.20000 	71.90000 	101.30000 	28.00000 	28.00000 	32.00000 	32.00000 	64.00000 	9.26765 	3.89358 	3.16000 	2.76754 	6.36518 	5.61285 	3.51198 	3.56492 	3.58396 	3.59442 	3.55059 	3.52264 	4.57650 	6.81850 	13.60415 	15.97461 	0.39585 	0.02539 	-4.68065 	0.45987 	-0.67755
0.1137	2.41	7.00000 	7.00000 	1.88000 	2.20000 	58.93300 	101.07000 	7.00000 	17.00000 	152.00000 	178.00000 	27.00000 	44.00000 	9.00000 	8.00000 	4.00000 	5.00000 	760.40000 	710.20000 	63.70000 	101.30000 	10.00000 	28.00000 	27.00000 	32.00000 	59.00000 	19.02447 	61.18149 	41.18000 	1.03077 	4.67904 	5.01315 	3.60310 	3.57156 	3.65278 	3.63656 	3.52442 	3.59911 	7.71053 	6.79232 	17.01506 	15.84512 	-0.01506 	0.15487 	-4.67787 	0.41633 	2.28845
0.0937	2.44	10.00000 	6.00000 	1.65000 	2.20000 	65.38000 	190.23000 	10.00000 	26.00000 	142.00000 	185.00000 	30.00000 	76.00000 	12.00000 	8.00000 	4.00000 	6.00000 	906.40000 	840.00000 	0.00000 	106.10000 	18.00000 	60.00000 	29.00000 	34.00000 	63.00000 	1.52770 	95.25003 	90.76000 	0.75342 	3.29112 	5.40281 	3.78367 	3.61206 	3.60811 	3.79700 	3.55498 	3.59314 	10.11990 	6.56590 	12.01737 	15.96455 	-0.01737 	0.03545 	-4.89115 	-0.88708 	-0.17959
0.0282	2.708	2.00000 	10.00000 	1.33000 	2.20000 	91.22400 	106.42000 	12.00000 	20.00000 	206.00000 	169.00000 	40.00000 	46.00000 	4.00000 	10.00000 	5.00000 	5.00000 	640.10000 	804.40000 	41.10000 	53.70000 	28.00000 	28.00000 	33.00000 	30.00000 	63.00000 	1.29126 	1.42830 	2.27000 	1.39624 	5.01272 	3.59008 	3.48382 	3.44140 	3.57560 	3.47757 	3.59050 	3.54793 	2.34080 	8.86380 	11.40913 	18.02799 	0.59087 	-0.02799 	-4.78700 	-1.47212 	-0.62857
0.1906	2.683	5.00000 	2.00000 	1.66000 	1.33000 	51.99600 	91.22400 	5.00000 	12.00000 	166.00000 	206.00000 	24.00000 	40.00000 	6.00000 	4.00000 	4.00000 	5.00000 	652.90000 	640.10000 	64.30000 	41.10000 	10.00000 	28.00000 	28.00000 	33.00000 	61.00000 	21.67079 	2.67125 	6.37000 	2.01741 	5.95657 	5.17216 	3.59616 	3.48204 	3.47345 	3.63934 	3.46281 	3.44972 	4.86010 	2.50550 	13.88977 	11.49386 	0.11023 	0.50614 	-4.80509 	-1.27075 	0.14966
0.0359	2.476	5.00000 	8.00000 	1.66000 	2.28000 	51.99600 	102.91000 	5.00000 	18.00000 	166.00000 	173.00000 	24.00000 	45.00000 	6.00000 	9.00000 	4.00000 	5.00000 	652.90000 	719.70000 	64.30000 	109.70000 	10.00000 	28.00000 	28.00000 	32.00000 	60.00000 	48.29645 	41.90700 	40.98000 	1.67325 	6.40498 	4.46524 	3.59862 	3.56182 	3.62539 	3.62751 	3.58631 	3.53061 	4.70633 	7.88153 	13.77448 	17.02803 	0.22552 	-0.02803 	-4.65300 	-0.29932 	0.06803
0.0657	2.42	5.00000 	7.00000 	1.90000 	2.20000 	186.21000 	192.21700 	25.00000 	27.00000 	188.00000 	180.00000 	75.00000 	77.00000 	7.00000 	9.00000 	6.00000 	6.00000 	760.00000 	880.00000 	14.50000 	151.00000 	60.00000 	60.00000 	35.00000 	34.00000 	69.00000 	14.25421 	1.63057 	3.83000 	1.74918 	5.84259 	4.95705 	3.60652 	3.54090 	3.70111 	3.64244 	3.59618 	3.58482 	5.22680 	7.47360 	14.81929 	17.07520 	0.18071 	-0.07520 	-4.86936 	-0.22041 	-0.58504
0.0388	2.576	5.00000 	10.00000 	1.55000 	2.20000 	54.93800 	106.42000 	5.00000 	20.00000 	161.00000 	169.00000 	25.00000 	46.00000 	7.00000 	10.00000 	4.00000 	5.00000 	717.30000 	804.40000 	0.00000 	53.70000 	10.00000 	28.00000 	28.00000 	30.00000 	58.00000 	11.54079 	6.01712 	3.27000 	0.85547 	6.53182 	3.43139 	3.57531 	3.49420 	3.63237 	3.61147 	3.64468 	3.56119 	5.48399 	8.89960 	14.53336 	18.02790 	0.46664 	-0.02790 	-4.72112 	0.94422 	2.4626
0.0516	2.455	7.00000 	5.00000 	1.88000 	1.90000 	58.93300 	186.21000 	7.00000 	25.00000 	152.00000 	188.00000 	27.00000 	75.00000 	9.00000 	7.00000 	4.00000 	6.00000 	760.40000 	760.00000 	63.70000 	14.50000 	10.00000 	60.00000 	27.00000 	35.00000 	62.00000 	3.04446 	15.87340 	4.40000 	1.66331 	4.59640 	5.78905 	3.57900 	3.58391 	3.65607 	3.61641 	3.54005 	3.54482 	7.78460 	5.19880 	17.16847 	14.73269 	-0.16847 	0.26731 	-4.78612 	-0.24218 	0.57687
0.02	2.874	1.00000 	2.00000 	1.36000 	1.30000 	44.95600 	178.49000 	1.00000 	22.00000 	184.00000 	208.00000 	21.00000 	72.00000 	3.00000 	4.00000 	4.00000 	6.00000 	633.10000 	658.50000 	18.10000 	0.00000 	10.00000 	60.00000 	29.00000 	35.00000 	64.00000 	19.33396 	31.44146 	14.40000 	0.98203 	3.76169 	4.21102 	3.38850 	3.40530 	3.46234 	3.45605 	3.29900 	3.47631 	1.61605 	2.13193 	10.50296 	11.12978 	0.49704 	0.87022 	-4.92298 	-1.16735 	0.16327
0.0814	2.786	1.00000 	3.00000 	1.36000 	1.50000 	44.95600 	180.95000 	1.00000 	13.00000 	184.00000 	200.00000 	21.00000 	73.00000 	3.00000 	5.00000 	4.00000 	6.00000 	633.10000 	761.00000 	18.10000 	31.00000 	10.00000 	60.00000 	29.00000 	35.00000 	64.00000 	10.55081 	9.34673 	3.79000 	1.07331 	3.83156 	5.59115 	3.43676 	3.45282 	3.46377 	3.50091 	3.35871 	3.46928 	1.59960 	3.18240 	10.44239 	12.61452 	0.55761 	0.38548 	-4.87742 	-1.10477 	0.26939
0.0657	2.449	8.00000 	8.00000 	2.28000 	2.28000 	102.91000 	102.91000 	18.00000 	18.00000 	173.00000 	173.00000 	45.00000 	45.00000 	9.00000 	9.00000 	5.00000 	5.00000 	719.70000 	719.70000 	109.70000 	109.70000 	28.00000 	28.00000 	32.00000 	32.00000 	64.00000 	16.81093 	16.82448 	6.69000 	0.93124 	4.02842 	4.02667 	3.62915 	3.55039 	3.63900 	3.63915 	3.55010 	3.62920 	7.86960 	7.86960 	16.96000 	16.95926 	0.04000 	0.04074 	-4.61343 	-0.26395 	1.37143
0.1272	2.7	10.00000 	9.00000 	1.69000 	2.28000 	112.41000 	195.08000 	20.00000 	29.00000 	161.00000 	177.00000 	48.00000 	78.00000 	12.00000 	10.00000 	5.00000 	6.00000 	867.80000 	870.00000 	0.00000 	205.30000 	36.00000 	60.00000 	35.00000 	36.00000 	71.00000 	46.95212 	8.02250 	23.30000 	0.30044 	0.69716 	3.79715 	3.70413 	3.62432 	3.30918 	3.71186 	3.44443 	3.31776 	10.00930 	8.50260 	11.86612 	17.97289 	0.13388 	0.02711 	-4.82487 	-0.41089 	0.97415
0.0399	2.649	1.00000 	7.00000 	1.36000 	2.20000 	44.95600 	192.21700 	1.00000 	27.00000 	184.00000 	180.00000 	21.00000 	77.00000 	3.00000 	9.00000 	4.00000 	6.00000 	633.10000 	880.00000 	18.10000 	151.00000 	10.00000 	60.00000 	29.00000 	34.00000 	63.00000 	1.12336 	3.85697 	2.51000 	1.06857 	3.74845 	4.48997 	3.64991 	3.54927 	3.49769 	3.66371 	3.40202 	3.47778 	1.49040 	7.65730 	10.23136 	17.13982 	0.76864 	-0.13982 	-4.83456 	-1.27347 	0.4898
0.0242	2.566	2.00000 	10.00000 	1.54000 	2.54000 	47.86700 	196.97000 	2.00000 	30.00000 	176.00000 	174.00000 	22.00000 	79.00000 	4.00000 	11.00000 	4.00000 	6.00000 	658.80000 	890.10000 	7.60000 	222.80000 	10.00000 	68.00000 	29.00000 	40.00000 	69.00000 	43.62496 	1.82363 	19.84000 	0.61901 	4.64118 	2.57712 	3.42243 	3.56163 	3.45509 	3.50486 	3.37728 	3.50989 	2.44435 	9.29937 	11.26652 	10.77991 	0.73348 	0.22009 	-4.81124 	-1.03946 	-0.18503
0.0185	2.454	2.00000 	10.00000 	1.54000 	1.65000 	47.86700 	65.38000 	2.00000 	10.00000 	176.00000 	142.00000 	22.00000 	30.00000 	4.00000 	12.00000 	4.00000 	4.00000 	658.80000 	906.40000 	7.60000 	0.00000 	10.00000 	18.00000 	29.00000 	29.00000 	58.00000 	25.12076 	1.80247 	7.78000 	0.15613 	4.86092 	3.02009 	3.54834 	3.53384 	3.48093 	3.59301 	3.37722 	3.51475 	2.61290 	10.11620 	11.41450 	11.85278 	0.58550 	0.14722 	-5.02555 	-1.83402 	-0.09252
0.0108	2.512	5.00000 	6.00000 	1.55000 	1.83000 	54.93800 	55.84500 	5.00000 	6.00000 	161.00000 	156.00000 	25.00000 	26.00000 	7.00000 	8.00000 	4.00000 	4.00000 	717.30000 	762.50000 	0.00000 	15.70000 	10.00000 	10.00000 	28.00000 	27.00000 	55.00000 	14.08079 	16.61390 	5.96000 	1.96134 	6.20041 	5.45312 	3.53551 	3.62430 	3.58528 	3.63290 	3.58385 	3.51931 	5.63168 	6.82445 	14.63018 	15.93332 	0.36983 	0.06668 	-4.56985 	8.12793 	-1.98096
0.0364	2.598	8.00000 	5.00000 	1.91000 	2.16000 	58.69300 	95.95000 	8.00000 	10.00000 	149.00000 	190.00000 	28.00000 	42.00000 	10.00000 	6.00000 	4.00000 	5.00000 	737.10000 	684.30000 	112.00000 	71.90000 	10.00000 	28.00000 	26.00000 	32.00000 	58.00000 	2.50717 	21.07813 	6.08000 	1.31820 	4.22425 	5.99047 	3.55136 	3.56711 	3.69132 	3.61449 	3.60723 	3.63527 	8.77320 	4.58350 	18.26635 	13.62648 	-0.26635 	0.37352 	-4.75304 	-0.76735 	-0.01361
0.0371	2.547	5.00000 	5.00000 	2.16000 	1.90000 	95.95000 	186.21000 	10.00000 	25.00000 	190.00000 	188.00000 	42.00000 	75.00000 	6.00000 	7.00000 	5.00000 	6.00000 	684.30000 	760.00000 	71.90000 	14.50000 	28.00000 	60.00000 	32.00000 	35.00000 	67.00000 	6.47181 	4.12395 	2.63000 	3.28136 	6.32429 	6.53675 	3.49613 	3.59086 	3.53838 	3.53978 	3.53679 	3.50850 	4.65090 	5.33092 	13.61391 	14.96553 	0.38609 	0.03447 	-4.67513 	-0.47075 	0.23129
0.0735	2.684	6.00000 	2.00000 	1.83000 	1.33000 	55.84500 	91.22400 	6.00000 	12.00000 	156.00000 	206.00000 	26.00000 	40.00000 	8.00000 	4.00000 	4.00000 	5.00000 	762.50000 	640.10000 	15.70000 	41.10000 	10.00000 	28.00000 	27.00000 	33.00000 	60.00000 	20.01304 	3.31723 	5.57000 	1.83145 	4.95121 	5.27388 	3.44087 	3.44918 	3.67090 	3.49592 	3.48790 	3.62249 	6.96770 	2.40730 	15.87783 	11.42383 	0.12217 	0.57617 	-4.80642 	-1.15919 	4.3102
0.0135	2.619	2.00000 	10.00000 	1.54000 	1.69000 	47.86700 	112.41000 	2.00000 	20.00000 	176.00000 	161.00000 	22.00000 	48.00000 	4.00000 	12.00000 	4.00000 	5.00000 	658.80000 	867.80000 	7.60000 	0.00000 	10.00000 	36.00000 	29.00000 	35.00000 	64.00000 	12.21127 	0.10489 	3.60000 	0.80698 	5.08425 	1.49917 	3.32504 	3.38515 	3.50588 	3.31869 	3.46256 	3.43479 	2.44560 	10.02630 	11.40992 	11.71669 	0.59008 	0.28331 	-4.85504 	-0.99592 	-0.16327
0.0219	2.512	3.00000 	9.00000 	1.63000 	2.28000 	50.94000 	195.08000 	3.00000 	29.00000 	171.00000 	177.00000 	23.00000 	78.00000 	5.00000 	10.00000 	4.00000 	6.00000 	650.90000 	870.00000 	50.60000 	205.30000 	10.00000 	60.00000 	28.00000 	36.00000 	64.00000 	15.60558 	1.60442 	4.27000 	1.38932 	5.92197 	4.04395 	3.58596 	3.64613 	3.51930 	3.63988 	3.45059 	3.50301 	24.50892 	8.50407 	12.53478 	18.05005 	0.46522 	-0.05005 	-4.65554 	-1.08572 	0.8408
0.098	2.569	5.00000 	3.00000 	2.16000 	1.50000 	95.95000 	180.95000 	10.00000 	13.00000 	190.00000 	200.00000 	42.00000 	73.00000 	6.00000 	5.00000 	5.00000 	6.00000 	684.30000 	761.00000 	71.90000 	31.00000 	28.00000 	60.00000 	32.00000 	35.00000 	67.00000 	14.61909 	50.56455 	28.02000 	2.05525 	6.12451 	5.77563 	3.45651 	3.41426 	3.62281 	3.48581 	3.46588 	3.57136 	4.74650 	3.17410 	13.70997 	12.49488 	0.29003 	0.50512 	-4.79859 	-1.06395 	0.89252
0.1074	2.566	5.00000 	8.00000 	1.66000 	1.91000 	51.99600 	58.69300 	5.00000 	8.00000 	166.00000 	149.00000 	24.00000 	28.00000 	6.00000 	10.00000 	4.00000 	4.00000 	652.90000 	737.10000 	64.30000 	112.00000 	10.00000 	10.00000 	28.00000 	26.00000 	54.00000 	28.19793 	0.78081 	9.52000 	1.28819 	5.86610 	4.11379 	3.63858 	3.63878 	3.66201 	3.68748 	3.60365 	3.59058 	4.67770 	8.77040 	13.77742 	18.19571 	0.22258 	-0.19571 	-4.76007 	-1.00409 	0.49524
0.024	2.623	3.00000 	3.00000 	1.50000 	1.50000 	180.95000 	180.95000 	13.00000 	13.00000 	200.00000 	200.00000 	73.00000 	73.00000 	5.00000 	5.00000 	6.00000 	6.00000 	761.00000 	761.00000 	31.00000 	31.00000 	60.00000 	60.00000 	35.00000 	35.00000 	70.00000 	8.29172 	19.47187 	5.80000 	1.98236 	5.62449 	5.37267 	3.45528 	3.43970 	3.51344 	3.46329 	3.39393 	3.51446 	3.28520 	3.23020 	12.62828 	12.51363 	0.37172 	0.48637 	-4.87387 	-1.34694 	0.51701
0.0409	2.464	6.00000 	10.00000 	2.20000 	2.54000 	190.23000 	196.97000 	26.00000 	30.00000 	185.00000 	174.00000 	76.00000 	79.00000 	8.00000 	11.00000 	6.00000 	6.00000 	840.00000 	890.10000 	106.10000 	222.80000 	60.00000 	68.00000 	34.00000 	40.00000 	74.00000 	20.61452 	0.77553 	5.97000 	0.72571 	5.59978 	2.82020 	3.44167 	3.54281 	3.73397 	3.55133 	3.62558 	3.78949 	6.42799 	9.27131 	15.80611 	10.75951 	0.19389 	0.24049 	-4.82489 	0.14966 	-0.81633
0.0433	2.694	6.00000 	10.00000 	1.83000 	1.69000 	55.84500 	112.41000 	6.00000 	20.00000 	156.00000 	161.00000 	26.00000 	48.00000 	8.00000 	12.00000 	4.00000 	5.00000 	762.50000 	867.80000 	15.70000 	0.00000 	10.00000 	36.00000 	27.00000 	35.00000 	62.00000 	62.00858 	1.06523 	38.90000 	0.83656 	4.90069 	2.02880 	3.33343 	3.32669 	3.69523 	3.34330 	3.50780 	3.65921 	6.86190 	10.03330 	15.93133 	11.48409 	0.06867 	0.51591 	-4.72612 	-0.51429 	0.09796
0.0315	2.81	4.00000 	10.00000 	1.60000 	1.93000 	92.90600 	107.87000 	14.00000 	20.00000 	198.00000 	165.00000 	41.00000 	47.00000 	4.00000 	11.00000 	5.00000 	5.00000 	652.10000 	731.00000 	86.10000 	125.60000 	28.00000 	36.00000 	33.00000 	34.00000 	67.00000 	26.23030 	1.88003 	8.53000 	0.47564 	5.45641 	2.56266 	3.41328 	3.56367 	3.51292 	3.51594 	3.42290 	3.56153 	3.47050 	9.59800 	12.55275 	10.83470 	0.44725 	0.16530 	-4.91689 	-4.16873 	2.17688
0.0572	2.498	10.00000 	4.00000 	1.65000 	1.60000 	65.38000 	92.90600 	10.00000 	14.00000 	142.00000 	198.00000 	30.00000 	41.00000 	12.00000 	4.00000 	4.00000 	5.00000 	906.40000 	652.10000 	0.00000 	86.10000 	18.00000 	28.00000 	29.00000 	33.00000 	62.00000 	0.50721 	14.17008 	3.93000 	0.87279 	2.34215 	6.07687 	3.44070 	3.47629 	3.47840 	3.47589 	3.40997 	3.51411 	10.08966 	3.44890 	6.02730 	6.09243 	0.08168 	0.43937 	-4.95582 	-0.81633 	0.38095
0.0547	2.663	10.00000 	5.00000 	1.93000 	1.90000 	107.87000 	186.21000 	20.00000 	25.00000 	165.00000 	188.00000 	47.00000 	75.00000 	11.00000 	7.00000 	5.00000 	6.00000 	731.00000 	760.00000 	125.60000 	14.50000 	36.00000 	60.00000 	34.00000 	35.00000 	69.00000 	2.37879 	33.40301 	12.33000 	0.75189 	1.70412 	5.98629 	3.61587 	3.55243 	3.36150 	3.62516 	3.43794 	3.35126 	9.86360 	5.31820 	10.77030 	14.86738 	0.22970 	0.13262 	-4.69510 	-0.93334 	1.2762
0.1325	2.781	10.00000 	10.00000 	2.20000 	1.93000 	106.42000 	107.87000 	20.00000 	20.00000 	169.00000 	165.00000 	46.00000 	47.00000 	10.00000 	11.00000 	5.00000 	5.00000 	804.40000 	731.00000 	53.70000 	125.60000 	28.00000 	36.00000 	30.00000 	34.00000 	64.00000 	2.54670 	0.76810 	2.25000 	0.52697 	3.30540 	2.65380 	3.46230 	3.53540 	3.63860 	3.54400 	3.54460 	3.68980 	8.81760 	9.54809 	17.98157 	10.79517 	0.01843 	0.20483 	-4.80562 	-0.58230 	0.16327
0.0191	2.354	4.00000 	5.00000 	1.60000 	1.90000 	92.90600 	186.21000 	14.00000 	25.00000 	198.00000 	188.00000 	41.00000 	75.00000 	4.00000 	7.00000 	5.00000 	6.00000 	652.10000 	760.00000 	86.10000 	14.50000 	28.00000 	60.00000 	33.00000 	35.00000 	68.00000 	1.16230 	8.37580 	3.21000 	2.83826 	5.75220 	6.13450 	3.52160 	3.55270 	3.52540 	3.54340 	3.44860 	3.47790 	3.52220 	5.42300 	12.42444 	14.92246 	0.57556 	0.07754 	-4.78636 	-1.11565 	0.41905
0.0197	2.765	5.00000 	6.00000 	1.66000 	1.83000 	51.99600 	55.84500 	5.00000 	6.00000 	166.00000 	156.00000 	24.00000 	26.00000 	6.00000 	8.00000 	4.00000 	4.00000 	652.90000 	762.50000 	64.30000 	15.70000 	10.00000 	10.00000 	28.00000 	27.00000 	55.00000 	10.89988 	5.55701 	3.58000 	3.11565 	6.55200 	5.81970 	3.50310 	3.63900 	3.61250 	3.58910 	3.63650 	3.47600 	4.67570 	6.78070 	13.76679 	15.86765 	0.23321 	0.13235 	-4.65045 	-0.76735 	0.97143
0.0309	2.897	7.00000 	7.00000 	1.88000 	1.88000 	58.93300 	58.93300 	7.00000 	7.00000 	152.00000 	152.00000 	27.00000 	27.00000 	9.00000 	9.00000 	4.00000 	4.00000 	760.40000 	760.40000 	63.70000 	63.70000 	10.00000 	10.00000 	27.00000 	27.00000 	54.00000 	43.86965 	44.40179 	38.99000 	1.18298 	4.38430 	4.38270 	3.56440 	3.58700 	3.60710 	3.60730 	3.58960 	3.56400 	7.75760 	7.75760 	17.03577 	17.04472 	-0.03577 	-0.04472 	-4.60176 	-0.20680 	0.21225
0.07	2.451	7.00000 	9.00000 	2.20000 	2.28000 	192.21700 	195.08000 	27.00000 	29.00000 	180.00000 	177.00000 	77.00000 	78.00000 	9.00000 	10.00000 	6.00000 	6.00000 	880.00000 	870.00000 	151.00000 	205.30000 	60.00000 	60.00000 	34.00000 	36.00000 	70.00000 	13.97911 	10.05985 	4.91000 	0.99975 	4.67420 	3.93380 	3.63910 	3.60760 	3.66890 	3.67670 	3.61860 	3.61950 	7.44739 	8.45273 	17.02732 	17.98698 	-0.02732 	0.01303 	-4.77321 	-0.27483 	1.10477
0.0404	2.314	10.00000 	3.00000 	1.90000 	1.50000 	63.54600 	180.95000 	10.00000 	13.00000 	145.00000 	200.00000 	29.00000 	73.00000 	11.00000 	5.00000 	4.00000 	6.00000 	745.50000 	761.00000 	118.40000 	31.00000 	18.00000 	60.00000 	30.00000 	35.00000 	65.00000 	8.15712 	11.06646 	3.39000 	1.13884 	2.57070 	5.24890 	3.42380 	3.45900 	3.48770 	3.50220 	3.40100 	3.48550 	9.70000 	2.98110 	10.95175 	12.55434 	0.04825 	0.44566 	-4.70217 	-0.96327 	-0.34286
0.0914	2.224	3.00000 	4.00000 	1.63000 	1.60000 	50.94000 	92.90600 	3.00000 	14.00000 	171.00000 	198.00000 	23.00000 	41.00000 	5.00000 	4.00000 	4.00000 	5.00000 	650.90000 	652.10000 	50.60000 	86.10000 	10.00000 	28.00000 	28.00000 	33.00000 	61.00000 	10.53256 	4.37893 	3.09000 	2.27599 	5.72310 	5.66000 	3.46330 	3.43890 	3.53160 	3.49760 	3.42680 	3.49330 	3.73790 	3.50470 	12.68311 	12.49183 	0.31689 	0.50817 	-4.83464 	-1.03946 	0.32653
0.0995	2.765	1.00000 	10.00000 	1.36000 	2.20000 	44.95600 	106.42000 	1.00000 	20.00000 	184.00000 	169.00000 	21.00000 	46.00000 	3.00000 	10.00000 	4.00000 	5.00000 	633.10000 	804.40000 	18.10000 	53.70000 	10.00000 	28.00000 	29.00000 	30.00000 	59.00000 	4.34380 	10.72289 	3.17000 	1.18949 	3.75900 	3.32750 	3.49850 	3.60500 	3.44360 	3.55440 	3.42570 	3.46250 	1.45348 	8.95511 	10.32553 	18.03542 	0.67447 	-0.03542 	-4.71945 	-1.20001 	0.45714
0.0508	2.654	7.00000 	7.00000 	2.20000 	2.20000 	192.21700 	192.21700 	27.00000 	27.00000 	180.00000 	180.00000 	77.00000 	77.00000 	9.00000 	9.00000 	6.00000 	6.00000 	880.00000 	880.00000 	151.00000 	151.00000 	60.00000 	60.00000 	34.00000 	34.00000 	68.00000 	17.71348 	17.71565 	7.29000 	1.25879 	4.64350 	4.64310 	3.63310 	3.59980 	3.67830 	3.67840 	3.59970 	3.63320 	7.48390 	7.48380 	17.03606 	17.03595 	-0.03606 	-0.03595 	-4.63998 	-0.30204 	1.36327
0.0341	2.145	2.00000 	5.00000 	1.30000 	1.90000 	178.49000 	186.21000 	22.00000 	25.00000 	208.00000 	188.00000 	72.00000 	75.00000 	4.00000 	7.00000 	6.00000 	6.00000 	658.50000 	760.00000 	0.00000 	14.50000 	60.00000 	60.00000 	35.00000 	35.00000 	70.00000 	2.03645 	2.83243 	2.49000 	2.14144 	4.68880 	5.78760 	3.40020 	3.47050 	3.55040 	3.43000 	3.57330 	3.52220 	2.22815 	5.57919 	11.21116 	15.01712 	0.78885 	-0.01712 	-4.76494 	-2.17960 	1.07756
0.0174	2.234	1.00000 	8.00000 	1.22000 	2.28000 	88.90600 	102.91000 	11.00000 	18.00000 	212.00000 	173.00000 	39.00000 	45.00000 	3.00000 	9.00000 	5.00000 	5.00000 	600.00000 	719.70000 	29.60000 	109.70000 	28.00000 	28.00000 	32.00000 	32.00000 	64.00000 	0.69486 	3.09030 	2.39000 	0.86811 	3.56230 	3.86160 	3.42850 	3.37000 	3.64170 	3.42870 	3.48530 	3.62740 	1.42580 	7.99520 	10.18550 	17.01331 	0.81450 	-0.01331 	-4.82850 	-1.15919 	0.94966
0.0549	2.654	5.00000 	10.00000 	1.66000 	1.90000 	51.99600 	63.54600 	5.00000 	10.00000 	166.00000 	145.00000 	24.00000 	29.00000 	6.00000 	11.00000 	4.00000 	4.00000 	652.90000 	745.50000 	64.30000 	118.40000 	10.00000 	18.00000 	28.00000 	30.00000 	58.00000 	13.93301 	0.34408 	3.88000 	0.47488 	6.70000 	2.95530 	3.50940 	3.58080 	3.62690 	3.58390 	3.54450 	3.64670 	4.62697 	9.66095 	13.69535 	11.12123 	0.30465 	-0.12123 	-4.68347 	-1.02041 	0.53061
0.0745	2.987	8.00000 	10.00000 	1.91000 	2.54000 	58.69300 	196.97000 	8.00000 	30.00000 	149.00000 	174.00000 	28.00000 	79.00000 	10.00000 	11.00000 	4.00000 	6.00000 	737.10000 	890.10000 	112.00000 	222.80000 	10.00000 	68.00000 	26.00000 	40.00000 	66.00000 	8.72342 	1.31657 	2.64000 	0.68273 	3.84600 	2.75880 	3.48150 	3.55100 	3.65280 	3.54600 	3.58590 	3.71120 	8.79590 	9.24152 	18.20687 	10.68962 	-0.20687 	0.31038 	-4.74014 	-0.27211 	0.27211
0.0245	2.134	1.00000 	7.00000 	1.36000 	2.20000 	44.95600 	101.07000 	1.00000 	17.00000 	184.00000 	178.00000 	21.00000 	44.00000 	3.00000 	8.00000 	4.00000 	5.00000 	633.10000 	710.20000 	18.10000 	101.30000 	10.00000 	28.00000 	29.00000 	32.00000 	61.00000 	0.94538 	7.36663 	2.74000 	1.37373 	3.86230 	4.91860 	3.45270 	3.42530 	3.64200 	3.48260 	3.51200 	3.61440 	1.53527 	6.98448 	10.31063 	16.02158 	0.68936 	-0.02159 	-4.79287 	-1.18368 	0.96599
0.0776	2.675	10.00000 	5.00000 	2.20000 	1.90000 	106.42000 	186.21000 	20.00000 	25.00000 	169.00000 	188.00000 	46.00000 	75.00000 	10.00000 	7.00000 	5.00000 	6.00000 	804.40000 	760.00000 	53.70000 	14.50000 	28.00000 	60.00000 	30.00000 	35.00000 	65.00000 	5.65595 	6.65026 	2.77000 	1.06342 	3.52700 	6.05390 	3.63480 	3.52240 	3.61860 	3.61330 	3.63030 	3.57780 	8.81354 	5.20900 	17.97683 	14.71342 	0.02317 	0.28658 	-4.66594 	-0.71565 	0.12245
0.0275	2.753	6.00000 	8.00000 	1.83000 	2.28000 	55.84500 	102.91000 	6.00000 	18.00000 	156.00000 	173.00000 	26.00000 	45.00000 	8.00000 	9.00000 	4.00000 	5.00000 	762.50000 	719.70000 	15.70000 	109.70000 	10.00000 	28.00000 	27.00000 	32.00000 	59.00000 	22.46754 	13.65873 	7.85000 	0.91544 	5.13450 	4.10540 	3.64650 	3.52370 	3.66230 	3.68470 	3.56820 	3.60540 	6.70539 	7.92433 	15.74103 	17.00366 	0.25896 	-0.00366 	-4.79090 	1.73062 	4.5143
0.0823	2.987	10.00000 	4.00000 	1.93000 	2.36000 	107.87000 	183.84000 	20.00000 	24.00000 	165.00000 	193.00000 	47.00000 	74.00000 	11.00000 	6.00000 	5.00000 	6.00000 	731.00000 	770.00000 	125.60000 	78.60000 	36.00000 	60.00000 	34.00000 	35.00000 	69.00000 	0.78118 	13.08135 	4.61000 	0.92039 	1.63544 	6.32334 	3.36067 	3.48613 	3.57465 	3.32379 	3.55679 	3.50333 	9.84682 	4.16000 	10.77604 	13.83197 	0.22397 	0.16803 	-4.73591 	-2.48709 	1.60545
0.1072	2.098	4.00000 	2.00000 	1.60000 	1.30000 	92.90600 	178.49000 	14.00000 	22.00000 	198.00000 	208.00000 	41.00000 	72.00000 	4.00000 	4.00000 	5.00000 	6.00000 	652.10000 	658.50000 	86.10000 	0.00000 	28.00000 	60.00000 	33.00000 	35.00000 	68.00000 	32.98622 	4.44022 	12.02000 	1.53669 	5.11841 	4.43915 	3.38306 	3.39493 	3.50675 	3.43869 	3.40210 	3.52066 	3.70428 	2.22496 	12.57920 	11.15730 	0.42080 	0.84270 	-4.86480 	-1.44218 	0.87347
0.0874	2.765	10.00000 	10.00000 	1.90000 	1.93000 	63.54600 	107.87000 	10.00000 	20.00000 	145.00000 	165.00000 	29.00000 	47.00000 	11.00000 	11.00000 	4.00000 	5.00000 	745.50000 	731.00000 	118.40000 	125.60000 	79.00000 	36.00000 	30.00000 	34.00000 	64.00000 	40.10749 	6.64005 	18.72000 	0.26286 	2.69836 	1.70689 	3.37666 	3.41073 	3.52949 	3.36455 	3.51957 	3.50524 	9.70560 	9.83720 	10.97817 	10.70688 	0.02183 	0.29312 	-4.58988 	-0.42721 	0.26939
0.0927	2.434	7.00000 	10.00000 	2.20000 	1.69000 	101.07000 	112.41000 	17.00000 	20.00000 	178.00000 	161.00000 	44.00000 	48.00000 	8.00000 	12.00000 	5.00000 	5.00000 	710.20000 	867.80000 	101.30000 	0.00000 	28.00000 	36.00000 	32.00000 	35.00000 	67.00000 	46.69920 	0.54500 	22.50000 	0.82454 	4.86829 	2.07056 	3.33113 	3.36821 	3.66070 	3.33779 	3.53125 	3.64449 	6.93140 	10.03960 	16.02847 	11.47792 	-0.02847 	0.52208 	-4.71909 	-0.28572 	1.2381
0.0293	2.89	10.00000 	2.00000 	1.90000 	1.33000 	63.54600 	91.22400 	10.00000 	12.00000 	145.00000 	206.00000 	29.00000 	40.00000 	11.00000 	4.00000 	4.00000 	5.00000 	745.50000 	640.10000 	118.40000 	41.10000 	18.00000 	28.00000 	30.00000 	33.00000 	63.00000 	1.71566 	35.60308 	13.87000 	0.58012 	2.93374 	4.97745 	3.51894 	3.48897 	3.49430 	3.58335 	3.44983 	3.47993 	9.63853 	2.31008 	11.04690 	11.42887 	-0.04691 	0.57114 	-4.82898 	-1.00136 	-0.39728
0.0527	2.134	10.00000 	6.00000 	2.20000 	2.20000 	106.42000 	190.23000 	20.00000 	26.00000 	169.00000 	185.00000 	46.00000 	76.00000 	10.00000 	8.00000 	5.00000 	6.00000 	804.40000 	840.00000 	53.70000 	106.10000 	28.00000 	60.00000 	30.00000 	34.00000 	64.00000 	3.20172 	10.41347 	4.06000 	1.00242 	3.47801 	5.29150 	3.78124 	3.66069 	3.63538 	3.75822 	3.66272 	3.60037 	8.81140 	6.50660 	17.95681 	15.88071 	0.04319 	0.11929 	-4.66695 	-0.53606 	0.52245
0.2106	2.654	4.00000 	5.00000 	1.60000 	2.16000 	92.90600 	95.95000 	14.00000 	10.00000 	198.00000 	190.00000 	41.00000 	42.00000 	4.00000 	6.00000 	5.00000 	5.00000 	652.10000 	684.30000 	86.10000 	71.90000 	28.00000 	28.00000 	33.00000 	32.00000 	65.00000 	8.65732 	19.74853 	6.27000 	3.06697 	6.03861 	6.29453 	3.47935 	3.52330 	3.51074 	3.44696 	3.56790 	3.55344 	3.63227 	4.85701 	12.57905 	13.78110 	0.42095 	0.21889 	-4.72537 	-0.84898 	4.50342
0.008982	2.134	7.00000 	4.00000 	2.20000 	2.36000 	101.07000 	183.84000 	17.00000 	24.00000 	178.00000 	193.00000 	44.00000 	74.00000 	8.00000 	6.00000 	5.00000 	6.00000 	710.20000 	770.00000 	101.30000 	78.60000 	28.00000 	60.00000 	32.00000 	35.00000 	67.00000 	4.38619 	5.49450 	2.75000 	2.96642 	5.56253 	6.57960 	3.50909 	3.54188 	3.57919 	3.55378 	3.56667 	3.50661 	6.79570 	4.15330 	15.82581 	13.69612 	0.17419 	0.30388 	-4.71075 	-0.35919 	1.54286
0.048	2.654	10.00000 	10.00000 	1.69000 	1.69000 	112.41000 	112.41000 	20.00000 	20.00000 	161.00000 	161.00000 	48.00000 	48.00000 	12.00000 	12.00000 	5.00000 	5.00000 	867.80000 	867.80000 	0.00000 	0.00000 	36.00000 	36.00000 	35.00000 	35.00000 	70.00000 	0.46351 	2.80353 	2.53000 	0.47860 	2.42401 	0.74426 	3.32744 	3.39444 	3.33832 	3.32445 	3.32847 	3.31424 	10.14660 	10.00600 	11.50699 	11.76461 	0.49301 	0.23539 	-4.92317 	-0.60681 	1.09116
0.0624	2.098	2.00000 	10.00000 	1.54000 	1.90000 	47.86700 	63.54600 	2.00000 	10.00000 	176.00000 	145.00000 	22.00000 	29.00000 	4.00000 	11.00000 	4.00000 	4.00000 	658.80000 	745.50000 	7.60000 	118.40000 	10.00000 	18.00000 	29.00000 	30.00000 	59.00000 	5.83297 	1.26522 	2.44000 	0.54825 	4.73149 	2.99507 	3.47063 	3.41057 	3.59348 	3.47994 	3.50934 	3.52308 	2.45503 	9.63370 	11.26302 	11.09922 	0.73697 	-0.09922 	-4.75891 	-1.08681 	-0.18776
0.0944	2.632	5.00000 	2.00000 	1.55000 	1.30000 	54.93800 	178.49000 	5.00000 	22.00000 	161.00000 	208.00000 	25.00000 	72.00000 	7.00000 	4.00000 	4.00000 	6.00000 	717.30000 	658.50000 	0.00000 	0.00000 	10.00000 	60.00000 	28.00000 	35.00000 	63.00000 	36.09131 	23.75974 	19.09000 	1.64824 	5.84028 	4.64369 	3.57834 	3.45819 	3.46181 	3.61432 	3.40605 	3.40111 	5.80821 	2.18650 	14.74193 	11.12457 	0.25807 	0.87543 	-4.78020 	-1.33062 	1.88844
0.0341	2.876	10.00000 	10.00000 	2.54000 	2.54000 	196.97000 	196.97000 	30.00000 	30.00000 	174.00000 	174.00000 	79.00000 	79.00000 	11.00000 	11.00000 	6.00000 	6.00000 	890.10000 	890.10000 	222.80000 	222.80000 	68.00000 	68.00000 	40.00000 	40.00000 	80.00000 	0.80797 	0.80711 	2.36000 	0.52305 	2.79373 	2.79386 	3.55419 	3.49910 	3.53922 	3.53907 	3.49912 	3.55457 	9.16150 	9.16150 	10.62004 	10.61982 	0.37996 	0.38018 	-4.93885 	-0.62857 	0.2449
0.0368	2.097	3.00000 	6.00000 	1.63000 	2.20000 	50.94000 	190.23000 	3.00000 	26.00000 	171.00000 	185.00000 	23.00000 	76.00000 	5.00000 	8.00000 	4.00000 	6.00000 	650.90000 	840.00000 	50.60000 	106.10000 	10.00000 	60.00000 	28.00000 	34.00000 	62.00000 	4.58203 	2.35721 	2.48000 	2.08245 	6.42199 	5.98943 	3.48227 	3.50143 	3.73222 	0.48673 	1.55419 	2.78084 	3.67318 	6.56330 	12.72448 	15.92887 	0.27552 	0.07113 	-4.64087 	-1.11837 	0.43265
0.0713	2.654	1.00000 	10.00000 	1.22000 	1.93000 	88.90600 	107.87000 	11.00000 	20.00000 	212.00000 	165.00000 	39.00000 	47.00000 	3.00000 	11.00000 	5.00000 	5.00000 	600.00000 	731.00000 	29.60000 	125.60000 	28.00000 	36.00000 	32.00000 	34.00000 	66.00000 	0.89882 	0.85411 	2.30000 	0.11753 	3.55633 	1.42402 	3.32772 	3.31788 	3.41803 	3.35292 	3.39698 	3.40562 	1.38170 	9.91240 	10.19589 	10.66477 	0.80411 	0.33523 	-4.82894 	-0.69116 	-0.36463
0.123	2.987	5.00000 	7.00000 	1.66000 	2.20000 	51.99600 	192.21700 	5.00000 	27.00000 	166.00000 	180.00000 	24.00000 	77.00000 	6.00000 	9.00000 	4.00000 	6.00000 	652.90000 	880.00000 	64.30000 	151.00000 	10.00000 	60.00000 	28.00000 	34.00000 	62.00000 	5.24409 	10.01567 	3.61000 	1.69692 	6.53506 	4.98028 	3.56331 	3.62621 	3.62544 	3.67152 	3.55644 	3.57936 	4.66245 	7.51474 	13.74609 	17.12284 	0.25391 	-0.12283 	-4.56890 	-0.71021 	0.82721
0.0562	2.098	3.00000 	4.00000 	1.63000 	2.36000 	50.94000 	183.84000 	3.00000 	24.00000 	171.00000 	193.00000 	23.00000 	74.00000 	5.00000 	6.00000 	4.00000 	6.00000 	650.90000 	770.00000 	50.60000 	78.60000 	10.00000 	60.00000 	28.00000 	35.00000 	63.00000 	5.07731 	10.26601 	3.29000 	1.84018 	5.74928 	6.56459 	3.49911 	3.42840 	3.57488 	3.55681 	3.48075 	3.52567 	3.52567 	4.10292 	12.60487 	13.50168 	0.39514 	0.49832 	-4.73059 	-0.71837 	0.0557
0.0528	2.431	3.00000 	8.00000 	1.63000 	2.28000 	50.94000 	102.91000 	3.00000 	18.00000 	171.00000 	173.00000 	23.00000 	45.00000 	5.00000 	9.00000 	4.00000 	5.00000 	650.90000 	719.70000 	50.60000 	109.70000 	10.00000 	28.00000 	28.00000 	32.00000 	60.00000 	11.10479 	1.83072 	3.27000 	2.25439 	5.88332 	4.67555 	3.48093 	3.47622 	3.58766 	3.50657 	3.56756 	3.47496 	3.58690 	7.83270 	12.52129 	16.98699 	0.47871 	0.01301 	-4.69039 	-1.11021 	0.26123
0.0606	2.985	10.00000 	10.00000 	1.93000 	1.93000 	107.87000 	107.87000 	20.00000 	20.00000 	165.00000 	165.00000 	47.00000 	47.00000 	11.00000 	11.00000 	5.00000 	5.00000 	731.00000 	731.00000 	125.60000 	125.60000 	36.00000 	36.00000 	34.00000 	34.00000 	68.00000 	1.40754 	1.46707 	2.45000 	0.12639 	1.58528 	1.60045 	3.37506 	3.41181 	3.35532 	3.35463 	3.41637 	3.37526 	9.86140 	9.85900 	10.68836 	10.69230 	0.31164 	0.30770 	-4.62126 	-0.63402 	-0.02177
0.1253	2.654	2.00000 	7.00000 	1.54000 	2.20000 	47.86700 	192.21700 	2.00000 	27.00000 	176.00000 	180.00000 	22.00000 	77.00000 	4.00000 	9.00000 	4.00000 	6.00000 	658.80000 	880.00000 	7.60000 	151.00000 	10.00000 	60.00000 	29.00000 	34.00000 	63.00000 	3.52653 	4.17483 	2.50000 	2.21859 	4.67412 	4.96716 	3.42599 	3.42985 	3.61078 	3.43060 	3.64142 	3.50082 	2.50859 	7.56174 	11.27590 	17.18675 	0.72411 	-0.18674 	-4.70467 	-0.24490 	-0.10612
0.0325	2.156	1.00000 	5.00000 	1.22000 	2.16000 	88.90600 	95.95000 	11.00000 	10.00000 	212.00000 	190.00000 	39.00000 	42.00000 	3.00000 	6.00000 	5.00000 	5.00000 	600.00000 	684.30000 	29.60000 	71.90000 	28.00000 	28.00000 	32.00000 	32.00000 	64.00000 	2.13129 	16.39430 	4.23000 	1.29815 	3.72975 	5.67508 	3.56873 	3.46672 	3.41953 	3.59041 	3.39467 	3.41917 	1.57273 	4.78064 	10.35827 	13.75691 	0.64173 	0.24309 	-4.78146 	-0.97960 	0.26395
0.0197	2.786	8.00000 	1.00000 	1.91000 	1.22000 	58.69300 	88.90600 	8.00000 	11.00000 	149.00000 	212.00000 	28.00000 	39.00000 	10.00000 	3.00000 	4.00000 	5.00000 	737.10000 	600.00000 	112.00000 	29.60000 	10.00000 	28.00000 	26.00000 	32.00000 	58.00000 	33.13467 	10.80517 	13.60000 	0.75082 	4.10496 	3.56049 	3.65439 	3.55616 	3.37999 	3.62639 	3.42545 	3.42069 	8.61302 	1.36065 	17.90291 	10.19779 	0.09709 	0.80221 	-4.70175 	-0.96327 	1.02585
0.0202	2.176	2.00000 	3.00000 	1.54000 	1.50000 	47.86700 	180.95000 	2.00000 	13.00000 	176.00000 	200.00000 	22.00000 	73.00000 	4.00000 	5.00000 	4.00000 	6.00000 	658.80000 	761.00000 	7.60000 	31.00000 	10.00000 	60.00000 	29.00000 	35.00000 	64.00000 	8.16481 	8.01189 	3.04000 	1.71874 	4.49918 	5.60346 	3.46072 	3.37017 	3.48936 	3.47834 	3.41418 	3.45804 	2.64294 	3.26278 	11.37102 	12.57393 	0.62897 	0.42607 	-4.82196 	-1.16463 	0.34558
0.0467	2.665	8.00000 	10.00000 	1.91000 	1.90000 	58.69300 	63.54600 	8.00000 	10.00000 	149.00000 	145.00000 	28.00000 	29.00000 	10.00000 	11.00000 	4.00000 	4.00000 	737.10000 	745.50000 	112.00000 	118.40000 	10.00000 	18.00000 	26.00000 	30.00000 	56.00000 	4.29876 	0.96972 	2.31000 	0.55540 	3.76668 	3.03018 	3.70223 	3.60724 	3.58290 	3.66477 	3.61301 	3.52361 	8.78027 	9.60460 	18.13460 	11.03968 	-0.13460 	-0.03967 	-4.68993 	-0.23401 	0.05914
0.0649	2.987	5.00000 	10.00000 	1.66000 	1.93000 	51.99600 	107.87000 	5.00000 	20.00000 	166.00000 	165.00000 	24.00000 	47.00000 	6.00000 	11.00000 	4.00000 	5.00000 	652.90000 	731.00000 	64.30000 	125.60000 	10.00000 	36.00000 	28.00000 	34.00000 	62.00000 	9.42160 	1.09530 	2.76000 	0.33222 	6.59786 	1.66800 	3.61301 	3.53496 	3.38318 	3.65067 	3.38433 	3.35061 	4.59903 	9.90734 	13.64652 	10.76439 	0.35348 	0.23561 	-4.70017 	-0.59320 	0.61769
0.0871	2.99	7.00000 	1.00000 	1.88000 	1.22000 	58.93300 	88.90600 	7.00000 	11.00000 	152.00000 	212.00000 	27.00000 	39.00000 	9.00000 	3.00000 	4.00000 	5.00000 	760.40000 	600.00000 	63.70000 	29.60000 	10.00000 	28.00000 	27.00000 	32.00000 	59.00000 	9.94078 	0.75185 	2.90000 	0.86051 	3.87202 	3.66721 	3.65008 	3.44652 	3.41286 	3.63583 	3.38224 	3.41761 	7.91420 	1.45700 	17.05138 	10.22996 	-0.05138 	0.77004 	-4.80578 	-1.08300 	0.66123
0.0306	2.432	4.00000 	10.00000 	1.60000 	1.69000 	92.90600 	112.41000 	14.00000 	20.00000 	198.00000 	161.00000 	41.00000 	48.00000 	4.00000 	12.00000 	5.00000 	5.00000 	652.10000 	867.80000 	86.10000 	0.00000 	28.00000 	36.00000 	33.00000 	35.00000 	68.00000 	52.39199 	0.95458 	28.18000 	0.57916 	6.28872 	0.92448 	3.43414 	3.52341 	3.31193 	3.51905 	3.47488 	3.29223 	3.37407 	10.00936 	12.57686 	11.77206 	0.42314 	0.22794 	-4.79618 	-2.93335 	2.01089
0.0781	2.876	8.00000 	4.00000 	1.91000 	2.36000 	58.69300 	183.84000 	8.00000 	24.00000 	149.00000 	193.00000 	28.00000 	74.00000 	10.00000 	6.00000 	4.00000 	6.00000 	737.10000 	770.00000 	112.00000 	78.60000 	10.00000 	60.00000 	26.00000 	35.00000 	61.00000 	1.67579 	25.84547 	8.17000 	1.36978 	4.18202 	6.03350 	3.63315 	3.57681 	3.59622 	3.69614 	3.55687 	3.53868 	8.77410 	4.15390 	18.23721 	13.74624 	-0.23721 	0.25376 	-4.78048 	-0.71837 	0.3347
0.0248	2.987	2.00000 	2.00000 	1.54000 	1.30000 	47.86700 	178.49000 	2.00000 	22.00000 	176.00000 	208.00000 	22.00000 	72.00000 	4.00000 	4.00000 	4.00000 	6.00000 	658.80000 	658.50000 	7.60000 	0.00000 	10.00000 	60.00000 	29.00000 	35.00000 	64.00000 	24.38697 	23.79598 	12.22000 	1.59678 	4.27531 	4.33473 	3.44460 	3.36424 	3.47409 	3.46506 	3.35918 	3.41848 	2.74270 	2.27000 	11.46033 	11.18225 	0.53967 	0.81775 	-4.89729 	-1.22177 	0.13606
0.003147	2.665	1.00000 	4.00000 	1.22000 	1.60000 	88.90600 	92.90600 	11.00000 	14.00000 	212.00000 	198.00000 	39.00000 	41.00000 	3.00000 	4.00000 	5.00000 	5.00000 	600.00000 	652.10000 	29.60000 	86.10000 	28.00000 	28.00000 	32.00000 	33.00000 	65.00000 	15.75712 	28.32463 	11.50000 	1.35359 	3.93201 	5.09928 	3.43286 	3.41914 	3.48591 	3.41188 	3.47105 	3.54553 	1.83430 	3.83350 	10.56902 	12.58069 	0.43098 	0.41931 	-4.78978 	-1.19728 	-0.81361
0.0234	2.113	5.00000 	7.00000 	1.55000 	2.20000 	54.93800 	192.21700 	5.00000 	27.00000 	161.00000 	180.00000 	25.00000 	77.00000 	7.00000 	9.00000 	4.00000 	6.00000 	717.30000 	880.00000 	0.00000 	151.00000 	10.00000 	60.00000 	28.00000 	34.00000 	62.00000 	22.59775 	0.63806 	6.64000 	1.59607 	5.30663 	4.84524 	3.55600 	3.51926 	3.68205 	3.61445 	3.64231 	3.59432 	5.65820 	7.52290 	14.76232 	17.09258 	0.23768 	-0.09258 	-4.88345 	-0.65851 	0.96599
0.0606	2.876	1.00000 	10.00000 	1.36000 	2.54000 	44.95600 	196.97000 	1.00000 	30.00000 	184.00000 	174.00000 	21.00000 	79.00000 	3.00000 	11.00000 	4.00000 	6.00000 	633.10000 	890.10000 	18.10000 	222.80000 	10.00000 	68.00000 	29.00000 	40.00000 	69.00000 	1.31854 	0.34819 	2.35000 	0.63401 	3.65279 	2.60484 	3.49805 	3.40003 	3.49020 	3.45560 	3.54394 	3.40597 	1.44820 	9.33310 	10.22124 	10.83685 	0.77876 	0.16315 	-4.86039 	-1.23266 	-0.26667
0.0272	2.134	5.00000 	10.00000 	2.16000 	2.54000 	95.95000 	196.97000 	10.00000 	30.00000 	190.00000 	174.00000 	42.00000 	79.00000 	6.00000 	11.00000 	5.00000 	6.00000 	684.30000 	890.10000 	71.90000 	222.80000 	28.00000 	68.00000 	32.00000 	40.00000 	72.00000 	21.78068 	1.66634 	6.44000 	0.70475 	5.75091 	2.72861 	3.63224 	3.47552 	3.52087 	3.58396 	3.52758 	3.43195 	4.64609 	9.27169 	13.67165 	10.72844 	0.32835 	0.27156 	-4.81575 	-0.92517 	0.05353
0.1674	2.546	2.00000 	8.00000 	1.33000 	2.28000 	91.22400 	102.91000 	12.00000 	18.00000 	206.00000 	173.00000 	40.00000 	45.00000 	4.00000 	9.00000 	5.00000 	5.00000 	640.10000 	719.70000 	41.10000 	109.70000 	28.00000 	28.00000 	33.00000 	32.00000 	65.00000 	9.43755 	3.67629 	2.96000 	1.34495 	5.12363 	4.16774 	3.45207 	3.44261 	3.61402 	3.47691 	3.48758 	3.59503 	2.34477 	7.95748 	11.38335 	16.98902 	0.61303 	0.01002 	-4.76279 	-2.88709 	1.5728
0.0356	2.19	5.00000 	6.00000 	2.16000 	2.20000 	95.95000 	190.23000 	10.00000 	26.00000 	190.00000 	185.00000 	42.00000 	76.00000 	6.00000 	8.00000 	5.00000 	6.00000 	684.30000 	840.00000 	71.90000 	106.10000 	28.00000 	60.00000 	32.00000 	34.00000 	66.00000 	8.95537 	3.71357 	2.97000 	3.09876 	6.46661 	4.30873 	3.50819 	3.55691 	3.67604 	3.56887 	3.69142 	3.61483 	4.59720 	6.44360 	13.65771 	15.90773 	0.34229 	0.09227 	-4.68965 	-0.98776 	0.58776
0.1435	2.654	10.00000 	7.00000 	1.65000 	2.20000 	65.38000 	192.21700 	10.00000 	27.00000 	142.00000 	180.00000 	30.00000 	77.00000 	12.00000 	9.00000 	4.00000 	6.00000 	906.40000 	880.00000 	0.00000 	151.00000 	18.00000 	60.00000 	29.00000 	34.00000 	63.00000 	0.37743 	6.93239 	2.88000 	0.52504 	3.08801 	4.31423 	3.58727 	3.50223 	3.70760 	3.58727 	3.50223 	3.70760 	10.10939 	7.66962 	11.84589 	17.18818 	0.15412 	-0.18819 	-4.92314 	-0.89252 	0.96871
0.0369	2.543	10.00000 	5.00000 	1.90000 	2.16000 	63.54600 	95.95000 	10.00000 	10.00000 	145.00000 	190.00000 	29.00000 	42.00000 	11.00000 	6.00000 	4.00000 	5.00000 	745.50000 	684.30000 	118.40000 	71.90000 	18.00000 	28.00000 	30.00000 	32.00000 	62.00000 	0.85726 	17.16215 	4.66000 	0.53305 	3.00303 	6.40846 	3.51375 	3.52583 	3.60146 	3.58081 	3.49997 	3.59800 	9.63516 	4.56987 	11.05824 	13.64439 	-0.05823 	0.35561 	-4.71181 	-0.80000 	2.25851
0.0776	2.765	3.00000 	1.00000 	1.63000 	1.22000 	50.94000 	88.90600 	3.00000 	11.00000 	171.00000 	212.00000 	23.00000 	39.00000 	5.00000 	3.00000 	4.00000 	5.00000 	650.90000 	600.00000 	50.60000 	29.60000 	10.00000 	28.00000 	28.00000 	32.00000 	60.00000 	31.57890 	11.01977 	12.11000 	1.11063 	4.77730 	3.73770 	3.51470 	3.39980 	3.42880 	3.52340 	3.35150 	3.41500 	3.75320 	1.53820 	12.66763 	10.35507 	0.33237 	0.64493 	-4.88149 	-1.17007 	0.19592
0.096	2.134	7.00000 	10.00000 	1.88000 	1.90000 	58.93300 	63.54600 	7.00000 	10.00000 	152.00000 	145.00000 	27.00000 	29.00000 	9.00000 	11.00000 	4.00000 	4.00000 	760.40000 	745.50000 	63.70000 	118.40000 	10.00000 	18.00000 	27.00000 	30.00000 	57.00000 	97.33633 	0.74472 	94.75000 	0.50140 	4.13990 	2.88570 	3.64890 	3.52150 	3.58070 	3.63690 	3.60060 	3.50540 	7.79640 	9.64440 	17.07217 	11.04937 	-0.07217 	-0.04937 	-4.64650 	-0.22041 	0.13878
0.0692	2.223	5.00000 	1.00000 	1.66000 	1.22000 	51.99600 	88.90600 	5.00000 	11.00000 	166.00000 	212.00000 	24.00000 	39.00000 	6.00000 	3.00000 	4.00000 	5.00000 	652.90000 	600.00000 	64.30000 	29.60000 	10.00000 	28.00000 	28.00000 	32.00000 	60.00000 	15.90634 	4.55788 	4.54000 	0.99646 	6.31720 	3.78140 	3.60320 	3.51670 	3.42700 	3.63690 	3.36110 	3.41880 	4.71848 	1.46246 	13.77536 	10.41143 	0.22464 	0.58858 	-4.87220 	-2.06531 	1.78776
0.0357	2.887	7.00000 	6.00000 	1.88000 	2.20000 	58.93300 	190.23000 	7.00000 	26.00000 	152.00000 	185.00000 	27.00000 	76.00000 	9.00000 	8.00000 	4.00000 	6.00000 	760.40000 	840.00000 	63.70000 	106.10000 	10.00000 	60.00000 	27.00000 	34.00000 	61.00000 	57.69584 	39.66127 	49.03000 	1.28415 	4.44970 	5.69490 	3.59740 	3.57440 	3.77220 	3.67350 	3.69850 	3.72650 	7.84696 	6.37618 	17.18581 	15.77333 	-0.18581 	0.22667 	-4.75836 	-7.57010 	2.25851
0.0235	2.198	8.00000 	5.00000 	2.28000 	1.90000 	102.91000 	186.21000 	18.00000 	25.00000 	173.00000 	188.00000 	45.00000 	75.00000 	9.00000 	7.00000 	5.00000 	6.00000 	719.70000 	760.00000 	109.70000 	14.50000 	28.00000 	60.00000 	32.00000 	35.00000 	67.00000 	2.80728 	14.48612 	3.96000 	1.61071 	4.41180 	5.72550 	3.53520 	3.55890 	3.63420 	3.64180 	3.52400 	3.61310 	7.85850 	5.22330 	16.98999 	14.80146 	0.01001 	0.19854 	-4.84113 	-0.36735 	0.25306
0.0109	2.765	9.00000 	9.00000 	2.28000 	2.28000 	195.08000 	195.08000 	29.00000 	29.00000 	177.00000 	177.00000 	78.00000 	78.00000 	10.00000 	10.00000 	6.00000 	6.00000 	870.00000 	870.00000 	205.30000 	205.30000 	60.00000 	60.00000 	36.00000 	36.00000 	72.00000 	3.40601 	3.40854 	2.47000 	0.89669 	3.91000 	3.90990 	3.65940 	3.63810 	3.70940 	3.70960 	3.63840 	3.65950 	8.46170 	8.46180 	18.04617 	18.04603 	-0.04617 	-0.04603 	-4.71037 	-0.63674 	0.19048
0.0374	2.901	1.00000 	6.00000 	1.36000 	1.83000 	44.95600 	55.84500 	1.00000 	6.00000 	184.00000 	156.00000 	21.00000 	26.00000 	3.00000 	8.00000 	4.00000 	4.00000 	633.10000 	762.50000 	18.10000 	15.70000 	10.00000 	10.00000 	29.00000 	27.00000 	56.00000 	4.35808 	46.04454 	21.95000 	1.26220 	3.93130 	4.89850 	3.44370 	3.42860 	3.67950 	3.48430 	3.49730 	3.62790 	1.53111 	7.00846 	10.35061 	15.96657 	0.64939 	0.03344 	-4.82448 	-1.96191 	2.53607
0.076	2.554	2.00000 	9.00000 	1.54000 	2.28000 	47.86700 	195.08000 	2.00000 	29.00000 	176.00000 	177.00000 	22.00000 	78.00000 	4.00000 	10.00000 	4.00000 	6.00000 	658.80000 	870.00000 	7.60000 	205.30000 	10.00000 	60.00000 	29.00000 	36.00000 	65.00000 	4.01705 	1.03552 	2.36000 	1.54370 	4.69720 	4.06480 	3.55900 	3.66310 	3.45980 	3.62350 	3.41780 	3.46510 	2.42330 	8.51620 	11.20193 	18.10647 	0.79807 	-0.10647 	-4.75739 	-1.33334 	-0.21769
0.1313	2.012	1.00000 	4.00000 	1.22000 	2.36000 	88.90600 	183.84000 	11.00000 	24.00000 	212.00000 	193.00000 	39.00000 	74.00000 	3.00000 	6.00000 	5.00000 	6.00000 	600.00000 	770.00000 	29.60000 	78.60000 	28.00000 	60.00000 	32.00000 	35.00000 	67.00000 	7.49756 	31.61977 	11.68000 	1.15395 	3.99470 	5.83960 	3.40980 	3.40920 	3.54990 	3.41890 	3.53450 	3.56250 	1.59606 	4.42531 	10.50332 	13.88100 	0.49668 	0.11901 	-4.75231 	-0.43538 	-0.2585
0.347	2.345	1.00000 	8.00000 	1.36000 	1.91000 	44.95600 	58.69300 	1.00000 	8.00000 	184.00000 	149.00000 	21.00000 	28.00000 	3.00000 	10.00000 	4.00000 	4.00000 	633.10000 	737.10000 	18.10000 	112.00000 	10.00000 	10.00000 	29.00000 	26.00000 	55.00000 	3.86387 	13.29510 	3.62000 	1.17460 	3.82122 	4.06262 	3.44670 	3.47232 	3.63483 	3.45629 	3.60643 	3.58784 	1.48700 	8.82912 	10.33448 	18.22314 	0.66552 	-0.22313 	-4.68356 	-0.93334 	0.30748
0.0306	2.654	5.00000 	2.00000 	2.16000 	1.30000 	95.95000 	178.49000 	10.00000 	22.00000 	190.00000 	208.00000 	42.00000 	72.00000 	6.00000 	4.00000 	5.00000 	6.00000 	684.30000 	658.50000 	71.90000 	0.00000 	28.00000 	60.00000 	32.00000 	35.00000 	67.00000 	29.66376 	9.65667 	10.92000 	1.92498 	5.84491 	4.49685 	3.55180 	3.51840 	3.46118 	3.58711 	3.43335 	3.43180 	2.18580 	19.45770 	13.83744 	11.15840 	0.16256 	0.84160 	-4.80267 	-1.28980 	1.26259
0.1021	2.897	4.00000 	7.00000 	1.60000 	2.20000 	92.90600 	101.07000 	14.00000 	17.00000 	198.00000 	178.00000 	41.00000 	44.00000 	4.00000 	8.00000 	5.00000 	5.00000 	652.10000 	710.20000 	86.10000 	101.30000 	28.00000 	28.00000 	33.00000 	32.00000 	65.00000 	47.88774 	20.22885 	27.67000 	1.80917 	5.82011 	5.24440 	3.47976 	3.39534 	3.59070 	3.46748 	3.52444 	3.57347 	3.47030 	6.85212 	12.51937 	15.89937 	0.48063 	0.10063 	-4.61552 	-0.74014 	1.74423
0.1123	2.134	8.00000 	6.00000 	1.91000 	2.20000 	58.69300 	190.23000 	8.00000 	26.00000 	149.00000 	185.00000 	28.00000 	76.00000 	10.00000 	8.00000 	4.00000 	6.00000 	737.10000 	840.00000 	112.00000 	106.10000 	10.00000 	60.00000 	26.00000 	34.00000 	60.00000 	7.70831 	30.04470 	10.83000 	1.10633 	4.07300 	5.38980 	3.76030 	3.70230 	3.66230 	3.76250 	3.69010 	3.61960 	8.78450 	6.47950 	18.22692 	15.86855 	-0.22692 	0.13145 	-4.60848 	-0.30476 	1.13198
0.0362	2.765	8.00000 	7.00000 	1.91000 	2.20000 	58.69300 	101.07000 	8.00000 	17.00000 	149.00000 	178.00000 	28.00000 	44.00000 	10.00000 	8.00000 	4.00000 	5.00000 	737.10000 	710.20000 	112.00000 	101.30000 	10.00000 	28.00000 	26.00000 	32.00000 	58.00000 	5.34483 	39.13018 	16.82000 	1.00971 	3.98068 	4.70911 	3.64078 	3.64752 	3.63340 	3.65587 	3.56641 	3.63881 	8.78680 	6.81410 	18.18196 	15.88178 	-0.18196 	0.11822 	-4.59957 	-0.74558 	1.03946
0.0277	2.123	3.00000 	10.00000 	1.50000 	2.54000 	180.95000 	196.97000 	13.00000 	30.00000 	200.00000 	174.00000 	73.00000 	79.00000 	5.00000 	11.00000 	6.00000 	6.00000 	761.00000 	890.10000 	31.00000 	222.80000 	60.00000 	68.00000 	35.00000 	40.00000 	75.00000 	11.42904 	1.29966 	3.58000 	0.69295 	5.15998 	2.68429 	3.53880 	3.41734 	3.51682 	3.48641 	3.55355 	3.42830 	3.09210 	9.26290 	12.49095 	10.75048 	0.50905 	0.24952 	-4.94055 	-2.50341 	2.76736
0.059	2.908	7.00000 	4.00000 	1.88000 	1.60000 	58.93300 	92.90600 	7.00000 	14.00000 	152.00000 	198.00000 	27.00000 	41.00000 	9.00000 	4.00000 	4.00000 	5.00000 	760.40000 	652.10000 	63.70000 	86.10000 	10.00000 	28.00000 	27.00000 	33.00000 	60.00000 	2.34041 	1.32736 	2.29000 	2.25266 	4.82479 	5.82281 	3.44247 	3.50405 	3.59330 	3.48961 	3.53134 	3.51388 	7.82390 	3.37200 	17.14695 	12.34512 	-0.14695 	0.65488 	-4.69524 	-1.08572 	0.30748
0.014	2.897	10.00000 	9.00000 	2.20000 	2.28000 	106.42000 	195.08000 	20.00000 	29.00000 	169.00000 	177.00000 	46.00000 	78.00000 	10.00000 	10.00000 	5.00000 	6.00000 	804.40000 	870.00000 	53.70000 	205.30000 	28.00000 	60.00000 	30.00000 	36.00000 	66.00000 	35.91766 	27.12496 	22.54000 	0.79174 	3.38445 	3.82773 	3.61545 	3.63136 	3.70483 	3.65694 	3.64850 	3.66439 	8.82870 	8.46360 	17.98551 	18.03057 	0.01449 	-0.03057 	-4.65801 	-0.61225 	1.51021
0.0744	2.334	8.00000 	4.00000 	2.28000 	2.36000 	102.91000 	183.84000 	18.00000 	24.00000 	173.00000 	193.00000 	45.00000 	74.00000 	9.00000 	6.00000 	5.00000 	6.00000 	719.70000 	770.00000 	109.70000 	78.60000 	28.00000 	60.00000 	32.00000 	35.00000 	67.00000 	7.31947 	13.88165 	4.72000 	1.87873 	4.42110 	6.72870 	3.55540 	3.50160 	3.58870 	3.56460 	3.57310 	3.49420 	7.91526 	4.09606 	17.04704 	13.47490 	-0.04704 	0.52510 	-4.87778 	-0.60681 	3.3143
0.0653	2.126	8.00000 	9.00000 	2.28000 	2.28000 	102.91000 	195.08000 	18.00000 	29.00000 	173.00000 	177.00000 	45.00000 	78.00000 	9.00000 	10.00000 	5.00000 	6.00000 	719.70000 	870.00000 	109.70000 	205.30000 	28.00000 	60.00000 	32.00000 	36.00000 	68.00000 	8.68354 	8.73087 	3.47000 	0.91818 	4.16860 	3.88060 	3.61100 	3.55340 	3.65000 	3.61700 	3.61620 	3.64400 	7.84617 	8.45966 	16.98196 	17.94192 	0.01804 	0.05808 	-4.75828 	-0.22041 	1.04762
0.0602	2.817	10.00000 	10.00000 	2.20000 	2.54000 	106.42000 	196.97000 	20.00000 	30.00000 	169.00000 	174.00000 	46.00000 	79.00000 	10.00000 	11.00000 	5.00000 	6.00000 	804.40000 	890.10000 	53.70000 	222.80000 	28.00000 	68.00000 	30.00000 	40.00000 	70.00000 	3.94201 	1.44139 	2.26000 	0.61239 	3.32330 	2.61670 	3.49980 	3.53630 	3.63410 	3.55450 	3.58240 	3.68110 	8.83489 	9.19910 	18.04014 	10.61542 	-0.04014 	0.38458 	-4.77250 	-0.52517 	0.13606
0.0495	2.654	2.00000 	10.00000 	1.54000 	2.20000 	47.86700 	106.42000 	2.00000 	20.00000 	176.00000 	169.00000 	22.00000 	46.00000 	4.00000 	10.00000 	4.00000 	5.00000 	658.80000 	804.40000 	7.60000 	53.70000 	10.00000 	28.00000 	29.00000 	30.00000 	59.00000 	5.19758 	1.07363 	2.35000 	1.33498 	4.74770 	3.53760 	3.47310 	3.41840 	3.58460 	3.46570 	3.61020 	3.53160 	2.41980 	8.86320 	11.20728 	18.02847 	0.79272 	-0.02847 	-4.75131 	-1.30885 	-0.48708
0.0248	2.134	6.00000 	4.00000 	1.83000 	2.36000 	55.84500 	183.84000 	6.00000 	24.00000 	156.00000 	193.00000 	26.00000 	74.00000 	8.00000 	6.00000 	4.00000 	6.00000 	762.50000 	770.00000 	15.70000 	78.60000 	10.00000 	60.00000 	27.00000 	35.00000 	62.00000 	5.29533 	5.24775 	2.81000 	3.01745 	5.74570 	6.64060 	3.51210 	3.58980 	3.55230 	3.61360 	3.58630 	3.48300 	6.83670 	4.16260 	15.88015 	13.67838 	0.11985 	0.32162 	-4.67993 	-0.81089 	1.80681
0.0118	2.675	2.00000 	4.00000 	1.54000 	2.36000 	47.86700 	183.84000 	2.00000 	24.00000 	176.00000 	193.00000 	22.00000 	74.00000 	4.00000 	6.00000 	4.00000 	6.00000 	658.80000 	770.00000 	7.60000 	78.60000 	10.00000 	60.00000 	29.00000 	35.00000 	64.00000 	13.25096 	47.08917 	24.42000 	1.96319 	4.60550 	6.14550 	3.46520 	3.41900 	3.55650 	3.47550 	3.52510 	3.51710 	2.56150 	4.31880 	11.32474 	13.92848 	0.67526 	0.07152 	-4.77873 	-0.30748 	-0.89252
0.0348	2.897	5.00000 	4.00000 	1.55000 	1.60000 	54.93800 	92.90600 	5.00000 	14.00000 	161.00000 	198.00000 	25.00000 	41.00000 	7.00000 	4.00000 	4.00000 	5.00000 	717.30000 	652.10000 	0.00000 	86.10000 	10.00000 	28.00000 	28.00000 	33.00000 	61.00000 	10.69710 	2.10766 	3.54000 	3.10932 	6.05810 	5.82470 	3.48880 	3.57120 	3.46540 	3.51830 	3.52450 	3.42030 	5.77970 	3.54840 	14.77086 	12.60891 	0.22914 	0.39109 	-4.72613 	-0.86531 	0.32653
0.0913	2.314	5.00000 	9.00000 	1.66000 	2.28000 	51.99600 	195.08000 	5.00000 	29.00000 	166.00000 	177.00000 	24.00000 	78.00000 	6.00000 	10.00000 	4.00000 	6.00000 	652.90000 	870.00000 	64.30000 	205.30000 	10.00000 	60.00000 	28.00000 	36.00000 	64.00000 	23.07515 	0.54044 	6.91000 	1.35886 	5.85260 	4.06860 	3.62230 	3.65990 	3.66170 	3.68330 	3.54290 	3.62450 	4.69870 	8.43460 	13.84443 	17.94188 	0.15557 	0.05812 	-4.87341 	-0.98504 	0.32381
0.0555	2.876	2.00000 	4.00000 	1.33000 	1.60000 	91.22400 	92.90600 	12.00000 	14.00000 	206.00000 	198.00000 	40.00000 	41.00000 	4.00000 	4.00000 	5.00000 	5.00000 	640.10000 	652.10000 	41.10000 	86.10000 	28.00000 	28.00000 	33.00000 	33.00000 	66.00000 	5.48718 	8.33151 	3.06000 	2.09206 	5.22000 	5.60060 	3.47940 	3.49220 	3.46220 	3.45330 	3.50110 	3.52090 	2.75617 	3.76763 	11.61930 	12.63072 	0.38071 	0.36928 	-4.77228 	-1.79593 	0.34558
0.1509	2.345	1.00000 	1.00000 	1.36000 	1.22000 	44.95600 	88.90600 	1.00000 	11.00000 	184.00000 	212.00000 	21.00000 	39.00000 	3.00000 	3.00000 	4.00000 	5.00000 	633.10000 	600.00000 	18.10000 	29.60000 	10.00000 	28.00000 	26.00000 	32.00000 	58.00000 	5.34483 	39.13018 	16.82000 	1.00971 	3.98068 	4.70911 	3.64078 	3.64752 	3.63340 	3.65587 	3.56641 	3.63881 	8.78680 	6.81410 	18.18196 	15.88178 	-0.18196 	0.11822 	-4.59957 	-1.10749 	-0.11973
0.0498	2.765	7.00000 	6.00000 	2.20000 	2.20000 	101.07000 	190.23000 	17.00000 	26.00000 	178.00000 	185.00000 	44.00000 	76.00000 	8.00000 	8.00000 	5.00000 	6.00000 	710.20000 	840.00000 	101.30000 	106.10000 	28.00000 	60.00000 	32.00000 	34.00000 	66.00000 	5.39943 	7.12646 	3.22000 	1.91300 	5.24601 	5.84133 	3.55942 	3.57598 	3.76163 	3.64827 	3.66783 	3.71734 	6.81720 	6.41960 	15.92980 	15.88558 	0.07020 	0.11442 	-4.87015 	-0.31021 	1.2245
0.0327	2.314	1.00000 	8.00000 	1.36000 	2.28000 	44.95600 	102.91000 	1.00000 	18.00000 	184.00000 	173.00000 	21.00000 	45.00000 	3.00000 	9.00000 	4.00000 	5.00000 	633.10000 	719.70000 	18.10000 	109.70000 	10.00000 	28.00000 	29.00000 	32.00000 	61.00000 	1.18626 	3.30860 	2.39000 	0.94991 	3.77782 	3.96353 	3.47083 	3.40588 	3.63783 	3.49276 	3.50244 	3.62111 	1.48100 	7.98840 	10.23257 	17.03087 	0.76743 	-0.03087 	-4.82198 	-1.20545 	0.67755
0.0101	2.908	10.00000 	10.00000 	2.20000 	2.20000 	106.42000 	106.42000 	20.00000 	20.00000 	169.00000 	169.00000 	46.00000 	46.00000 	10.00000 	10.00000 	5.00000 	5.00000 	804.40000 	804.40000 	53.70000 	53.70000 	28.00000 	28.00000 	30.00000 	30.00000 	60.00000 	30.37633 	30.38140 	20.89000 	0.70503 	3.32641 	3.32653 	3.62738 	3.64258 	3.65509 	3.65523 	3.64271 	3.62733 	8.83210 	8.83200 	17.97116 	17.97114 	0.02884 	0.02886 	-4.61250 	-0.56871 	0.06531
0.0365	2.317	10.00000 	10.00000 	1.93000 	2.54000 	107.87000 	196.97000 	20.00000 	30.00000 	165.00000 	174.00000 	47.00000 	79.00000 	11.00000 	11.00000 	5.00000 	6.00000 	731.00000 	890.10000 	125.60000 	222.80000 	36.00000 	68.00000 	34.00000 	40.00000 	74.00000 	6.47372 	22.42870 	8.63000 	0.29467 	1.62580 	2.40500 	3.40780 	3.35370 	3.47340 	3.34670 	3.51870 	3.42430 	9.83870 	9.41340 	10.67230 	10.73342 	0.32770 	0.26658 	-4.67963 	-0.45442 	0.05478
0.0388	2.987	1.00000 	2.00000 	1.22000 	1.33000 	88.90600 	91.22400 	11.00000 	12.00000 	212.00000 	206.00000 	39.00000 	40.00000 	3.00000 	4.00000 	5.00000 	5.00000 	600.00000 	640.10000 	29.60000 	41.10000 	28.00000 	28.00000 	32.00000 	33.00000 	65.00000 	14.89787 	24.57427 	9.57000 	0.68253 	3.84149 	4.97654 	3.40197 	3.28136 	3.48907 	3.41091 	3.39657 	3.48489 	2.47403 	16.53426 	10.47234 	11.59717 	0.52766 	0.40283 	-4.87319 	-0.43538 	-0.50612
0.0339	2.432	5.00000 	10.00000 	1.66000 	2.20000 	51.99600 	106.42000 	5.00000 	20.00000 	166.00000 	169.00000 	24.00000 	46.00000 	6.00000 	10.00000 	4.00000 	5.00000 	652.90000 	804.40000 	64.30000 	53.70000 	10.00000 	28.00000 	28.00000 	30.00000 	58.00000 	23.73287 	0.50214 	7.25000 	1.15997 	5.78800 	3.53840 	3.63860 	3.53940 	3.64980 	3.66370 	3.63100 	3.59440 	4.68550 	8.80170 	13.81799 	17.91826 	0.18201 	0.08174 	-4.84910 	-1.02585 	0.11701
0.0972	2.109	5.00000 	5.00000 	1.55000 	2.16000 	54.93800 	95.95000 	5.00000 	10.00000 	161.00000 	190.00000 	25.00000 	42.00000 	7.00000 	6.00000 	4.00000 	5.00000 	717.30000 	684.30000 	0.00000 	71.90000 	10.00000 	28.00000 	28.00000 	32.00000 	60.00000 	3.70698 	15.65742 	4.22000 	3.03062 	6.32320 	6.43510 	3.49770 	3.57280 	3.54610 	3.54570 	3.60270 	3.48640 	5.70632 	4.72198 	14.76530 	13.74605 	0.23469 	0.25395 	-4.69315 	-7.19459 	3.48573
0.0562	2.543	5.00000 	9.00000 	2.16000 	2.28000 	95.95000 	195.08000 	10.00000 	29.00000 	190.00000 	177.00000 	42.00000 	78.00000 	6.00000 	10.00000 	5.00000 	6.00000 	684.30000 	870.00000 	71.90000 	205.30000 	28.00000 	60.00000 	32.00000 	36.00000 	68.00000 	24.15727 	1.20563 	7.38000 	1.40363 	5.78680 	4.13600 	3.61010 	3.62270 	3.61460 	3.65910 	3.49500 	3.58920 	4.58460 	8.46880 	13.58107 	18.02456 	0.41893 	-0.02456 	-4.86039 	-0.99592 	-0.35374
0.0562	2.134	5.00000 	3.00000 	1.55000 	1.50000 	54.93800 	180.95000 	5.00000 	13.00000 	161.00000 	200.00000 	25.00000 	73.00000 	7.00000 	5.00000 	4.00000 	6.00000 	717.30000 	761.00000 	0.00000 	31.00000 	10.00000 	60.00000 	28.00000 	35.00000 	63.00000 	11.72344 	4.83368 	3.40000 	2.95749 	5.99700 	5.63690 	3.50940 	3.54830 	3.44790 	3.53150 	3.50090 	3.41290 	5.77390 	3.21410 	14.78819 	12.61233 	0.21181 	0.38767 	-4.70365 	-0.82721 	-2.08164
0.1047	2.89	1.00000 	3.00000 	1.22000 	1.50000 	88.90600 	180.95000 	11.00000 	13.00000 	212.00000 	200.00000 	39.00000 	73.00000 	3.00000 	5.00000 	5.00000 	6.00000 	600.00000 	761.00000 	29.60000 	31.00000 	28.00000 	60.00000 	32.00000 	35.00000 	67.00000 	9.27264 	13.97680 	4.50000 	1.05911 	3.74353 	5.59463 	3.40385 	3.32615 	3.50834 	3.41269 	3.44874 	3.43619 	1.52390 	3.17990 	10.44241 	12.57267 	0.55759 	0.42733 	-4.86769 	-1.21633 	-0.31565
0.0263	2.313	10.00000 	5.00000 	1.69000 	1.90000 	112.41000 	186.21000 	20.00000 	25.00000 	161.00000 	188.00000 	48.00000 	75.00000 	12.00000 	7.00000 	5.00000 	6.00000 	867.80000 	760.00000 	0.00000 	14.50000 	36.00000 	60.00000 	35.00000 	35.00000 	70.00000 	0.55545 	21.54863 	6.51000 	0.85166 	1.95984 	5.86987 	3.62641 	3.53742 	3.33553 	3.63468 	3.41193 	3.35805 	10.03720 	5.45639 	11.58374 	15.01023 	0.41625 	-0.01022 	-4.80656 	-0.23674 	0.37007
0.0652	2.876	10.00000 	7.00000 	1.93000 	2.20000 	107.87000 	192.21700 	20.00000 	27.00000 	165.00000 	180.00000 	47.00000 	77.00000 	11.00000 	9.00000 	5.00000 	6.00000 	731.00000 	880.00000 	125.60000 	151.00000 	36.00000 	60.00000 	34.00000 	34.00000 	68.00000 	1.15931 	11.66817 	3.53000 	0.41363 	3.71585 	3.57195 	3.37608 	3.71276 	3.39062 	3.36261 	1.43381 	4.45789 	9.90030 	7.61460 	10.65494 	17.13286 	-0.13286 	0.34506 	-4.63426 	-0.34014 	1.65715
0.0457	2.341	2.00000 	5.00000 	1.33000 	2.16000 	91.22400 	95.95000 	12.00000 	10.00000 	206.00000 	190.00000 	40.00000 	42.00000 	4.00000 	6.00000 	5.00000 	5.00000 	640.10000 	684.30000 	41.10000 	71.90000 	28.00000 	28.00000 	33.00000 	32.00000 	65.00000 	1.69982 	0.93377 	2.44000 	2.53782 	5.37618 	5.74618 	3.48053 	3.50137 	3.52749 	3.46348 	3.56273 	3.58367 	2.66200 	4.87990 	11.62227 	13.76967 	0.37773 	0.23033 	-4.79095 	-1.05579 	0.55238
0.0942	2.876	3.00000 	5.00000 	1.50000 	1.90000 	180.95000 	186.21000 	13.00000 	25.00000 	200.00000 	188.00000 	73.00000 	75.00000 	5.00000 	7.00000 	6.00000 	6.00000 	761.00000 	760.00000 	31.00000 	14.50000 	60.00000 	60.00000 	35.00000 	35.00000 	70.00000 	2.42076 	4.01784 	2.93000 	2.97172 	6.25926 	6.36888 	3.50407 	3.51996 	3.55822 	3.44703 	3.60971 	3.61552 	3.38690 	5.53980 	12.50861 	14.97907 	0.49139 	0.02093 	-4.76756 	-2.09797 	-1.12654
0.0168	2.114	6.00000 	5.00000 	1.83000 	1.90000 	55.84500 	186.21000 	6.00000 	25.00000 	156.00000 	188.00000 	26.00000 	75.00000 	8.00000 	7.00000 	4.00000 	6.00000 	762.50000 	760.00000 	15.70000 	14.50000 	10.00000 	60.00000 	27.00000 	35.00000 	62.00000 	19.23000 	1.30823 	5.32000 	2.10134 	5.48439 	6.62723 	3.56250 	3.60561 	3.64926 	3.61165 	3.56385 	3.54559 	6.88141 	5.16974 	16.02271 	14.61663 	-0.02271 	0.38337 	-4.64872 	-1.04762 	1.30341
0.1945	2.225	6.00000 	6.00000 	1.83000 	2.20000 	55.84500 	190.23000 	6.00000 	26.00000 	156.00000 	185.00000 	26.00000 	76.00000 	8.00000 	8.00000 	4.00000 	6.00000 	762.50000 	840.00000 	15.70000 	106.10000 	10.00000 	60.00000 	27.00000 	34.00000 	61.00000 	13.24368 	3.82706 	3.65000 	1.84841 	5.15679 	5.74072 	3.69733 	3.72024 	3.67252 	3.75732 	3.61043 	3.57325 	6.81130 	6.43570 	15.96690 	15.86990 	0.03310 	0.13010 	-4.87381 	-0.33742 	4.49526
0.0642	2.415	4.00000 	4.00000 	2.36000 	2.36000 	183.84000 	183.84000 	24.00000 	24.00000 	193.00000 	193.00000 	74.00000 	74.00000 	6.00000 	6.00000 	6.00000 	6.00000 	770.00000 	770.00000 	78.60000 	78.60000 	60.00000 	60.00000 	35.00000 	35.00000 	70.00000 	18.51777 	8.28451 	5.78000 	3.22326 	6.57795 	6.33221 	3.48308 	3.58487 	3.51993 	3.50785 	3.53991 	3.51256 	4.26990 	4.37400 	13.76916 	13.78091 	0.23084 	0.21909 	-4.71463 	-1.30341 	0.60408
0.0805	2.89	5.00000 	8.00000 	1.55000 	2.28000 	54.93800 	102.91000 	5.00000 	18.00000 	161.00000 	173.00000 	25.00000 	45.00000 	7.00000 	9.00000 	4.00000 	5.00000 	717.30000 	719.70000 	0.00000 	109.70000 	10.00000 	28.00000 	28.00000 	32.00000 	60.00000 	23.63826 	0.51790 	7.12000 	1.40693 	5.20528 	4.30946 	3.57654 	3.51094 	3.63983 	3.61074 	3.59929 	3.55451 	5.65640 	7.90480 	14.75650 	17.01991 	0.24350 	-0.01991 	-4.84699 	-0.63674 	2.34875
0.1056	2.343	10.00000 	2.00000 	1.65000 	1.33000 	65.38000 	91.22400 	10.00000 	12.00000 	142.00000 	206.00000 	30.00000 	40.00000 	12.00000 	4.00000 	4.00000 	5.00000 	906.40000 	640.10000 	0.00000 	41.10000 	18.00000 	28.00000 	29.00000 	33.00000 	62.00000 	0.38730 	3.02474 	2.34000 	1.00546 	2.25621 	5.28008 	3.46372 	3.41772 	3.50263 	3.44104 	3.47827 	3.42085 	10.07980 	2.30030 	11.73811 	11.62277 	0.26189 	0.37723 	-4.94987 	-0.78910 	0.0415
																																															
																																															
																																															
																																															
																																															
																																															
																																															
																																															
																																															
																																															
																																															
																																															
																																															
																																															
																																															
																																															
																																															
																																															
																																															
																																															
																																															
																																															
																																															
																																															
																																															
																																															
																																															
																																															
																																															
																																															
																																															
																																															
																																															
																																															
																																															
																																															
																																															
																																															
																																															
																																															
																																															
																																															
																																															
																																															
																																															
																																															
																																															
																																															
																																															
																																															
																																															
																																															
																																															
																																															
																																															
																																															
																																															
																																															
																																															
																																															
																																															
																																															
																																															
																																															
																																															
																																															
																																															
																																															
																																															
																																															
																																															
																																															
																																															
																																															
																																															
																																															
																																															
																																															
																																															
																																															
																																															
																																															
																																															
																																															
																																															
																																															
																																															
																																															
																																															
																																															
																																															
																																															
																																															
																																															
																																															
																																															
																																															
																																															
																																															
																																															
																																															
																																															
																																															
																																															
																																															
																																															
																																															
																																															
																																															
																																															
																																															
																																															
																																															
																																															
																																															
																																															
																																															
																																															
																																															
																																															
																																															
																																															
																																															
																																															
																																															
																																															
																																															
																																															
																																															
																																															
																																															
																																															
																																															
																																															
																																															
																																															
																																															
																																															
																																															
																																															
																																															
																																															
																																															
																																															
																																															
																																															
																																															
																																															
																																															
																																															
																																															
																																															
																																															
																																															
																																															
																																															
																																															
																																															

																																																	
																																																	
																																																	
																																																	
																																																	
																																																	
																																																	
																																																	
																																																	
																																																	
																																																	
																																																	
																																																	
																																																	
																																																	
																																																	
																																																	
																																																	
																																																	
																																																	
																																																	
																																																	
																																																	
																																																	
																																																	
																																																	
																																																	
																																																	
																																																	
																																																	
																																																	
																																																	
																																																	
																																																	
																																																	
																																																	
																																																	
																																																	
																																																	
																																																	
																																																	
																																																	
																																																	
																																																	
																																																	
																																																	
																																																	
																																																	
																																																	
																																																	
																																																	
																																																	
																																																	
																																																	
																																																	
																																																	
																																																	
																																																	
																																																	
																																																	
																																																	
																																																	
																																																	
																																																	
																																																	
																																																	
																																																	
																																																	
																																																	
																																																	
																																																	
																																																	
																																																	
																																																	
																																																	
																																																	
																																																	
																																																	
																																																	
																																																	
																																																	
																																																	
																																																	
																																																	
																																																	
																																																	
																																																	
																																																	
																																																	
																																																	
																																																	
																																																	
																																																	
																																																	
																																																	
																																																	
																																																	
																																																	
																																																	
																																																	
																																																	
																																																	
																																																	
																																																	
																																																	
																																																	
																																																	
																																																	
																																																	
																																																	
																																																	
																																																	
																																																	
																																																	
																																																	
																																																	
																																																	
																																																	
																																																	
																																																	
																																																	
																																																	
																																																	
																																																	
																																																	
																																																	
																																																	
																																																	
																																																	
																																																	
																																																	
																																																	
																																																	
																																																	
																																																	
																																																	
																																																	
																																																	
																																																	
																																																	
																																																	
																																																	
																																																	
																																																	
																																																	
																																																	
																																																	
																																																	
																																																	
																																																	
																																																	
																																																	
																																																	
																																																	
																																																	
																																																	
																																																	
																																																	
