MSD	Bond length	EN M2	EDF（all)	Coea M1(%)	Coea M2(%)	Bond orders	Mayer N1	Mayer N3	Mayer N5	Mayer N6	AMOP M1d	AP M2	TDOS	Eads	△G
0.029	2.927	1.36	58	4.5174	4.7652	0.28872	3.5012	3.4832	3.345	3.5	1.623	10.36881	-4.78111	-1.45035	0.05986
0.0464	2.749	1.5	68	2.76271	1.80227	1.95372	3.49787	3.45266	3.46825	3.528	2.7772	12.65261	-4.78111	-1.88028	0.20408
0.0655	2.668	1.93	66	12.74441	0.77477	0.35293	3.66482	3.37187	3.37718	3.36218	7.9381	10.65718	-4.61041	-0.83266	1.55647
0.0963	2.689	1.9	59	1.1306	1.05899	0.53329	3.48316	3.56871	3.52268	3.51042	1.4678	11.11157	-4.81194	-1.34422	-0.10068
0.0476	2.579	2.16	59	1.02781	17.36873	1.78419	3.39412	3.61089	3.51696	3.59077	7.50739	13.79552	-4.71162	-0.16054	0.73742
0.039	2.623	2.16	59	5.19808	9.13594	2.9139	3.51737	3.57818	3.60113	3.49929	6.8391	13.57722	-4.65776	-0.95783	0.5932
0.0499	2.875	1.3	65	3.08371	38.70278	0.56983	3.51876	3.44856	3.38119	3.42655	2.05756	11.13562	-4.81885	-1.51293	1.35073
0.0397	2.911	1.69	69	0.92823	0.8727	0.34117	3.33361	3.49676	3.48078	3.42362	9.67914	11.34789	-4.83154	-1.49388	1.28708
0.0402	2.614	1.5	65	1.65955	7.1676	1.33095	3.5313	3.49976	3.42894	3.49789	2.97918	12.33924	-4.73052	-1.41769	1.16191
0.0443	2.728	1.54	58	12.13446	21.18516	0.50535	3.4492	3.48679	3.35273	3.47446	1.49607	11.20511	-4.85102	0.4898	0.06259
0.0419	2.518	1.9	63	2.73697	5.50795	2.08268	3.58269	3.64857	3.54298	3.59553	4.70058	14.83641	-4.7222	-0.47891	0.20136
0.0193	2.576	2.28	64	7.60939	2.12169	1.75644	3.52852	3.60619	3.52138	3.55479	4.54725	17.05826	-4.66871	-0.87892	0.2449
0.1037	2.868	1.93	66	8.00971	1.18106	0.7005	3.36875	3.61855	3.52946	3.59111	4.57844	10.77956	-4.65192	-1.03402	1.10477
0.08	2.668	2.28	59	77.51225	18.83359	0.60625	3.63464	3.6957	3.48275	3.67649	7.8222	16.94192	-4.69889	-0.45714	1.33334
0.0729	2.406	2.2	66	32.7263	63.13488	1.31902	3.59925	3.79481	3.64485	3.77682	7.88386	15.88408	-4.78096	-0.51701	0.68844
0.1019	2.503	2.36	70	4.23729	31.33896	2.19048	3.45833	3.57677	3.46961	3.55868	3.26076	13.78625	-4.77039	-1.26803	-2.04355
0.0196	2.542	2.2	60	1.10284	1.96584	0.547	3.54216	3.64486	3.59753	3.66918	9.60051	17.90916	-4.73117	-0.34014	-0.03537
0.0789	2.939	1.93	63	0.75337	1.33302	0.25913	3.45556	3.37401	3.35446	3.34135	1.4566	10.76677	-4.83094	-1.65171	-0.04626
0.0739	2.534	2.16	60	6.07242	26.04888	2.40283	3.48802	3.61743	3.4894	3.55039	3.68612	13.70385	-4.72242	-0.79728	-0.58776
0.1047	2.636	2.16	60	2.59371	1.55214	3.29727	3.58196	3.5247	3.6343	3.51979	4.9607	13.57359	-4.75228	-0.86531	-0.16327
0.0449	2.578	2.16	61	1.35231	2.17249	2.67429	3.4687	3.53269	3.58859	3.57395	2.824	13.7579	-4.76533	-1.00681	-0.61769
0.1432	2.575	2.54	73	22.28208	2.4353	0.68372	3.42977	3.49602	3.42475	3.51471	3.4529	10.76646	-4.90265	-1.28164	-0.59592
0.196	2.514	2.2	64	9.26765	3.89358	2.76754	3.51198	3.58396	3.55059	3.52264	4.5765	15.97461	-4.68065	0.45987	-0.67755
0.1137	2.41	2.2	59	19.02447	61.18149	1.03077	3.6031	3.65278	3.52442	3.59911	7.71053	15.84512	-4.67787	0.41633	2.28845
0.0937	2.44	2.2	63	1.5277	95.25003	0.75342	3.78367	3.60811	3.55498	3.59314	10.1199	15.96455	-4.89115	-0.88708	-0.17959
0.0282	2.708	2.2	63	1.29126	1.4283	1.39624	3.48382	3.5756	3.5905	3.54793	2.3408	18.02799	-4.787	-1.47212	-0.62857
0.1906	2.683	1.33	61	21.67079	2.67125	2.01741	3.59616	3.47345	3.46281	3.44972	4.8601	11.49386	-4.80509	-1.27075	0.14966
0.0359	2.476	2.28	60	48.29645	41.907	1.67325	3.59862	3.62539	3.58631	3.53061	4.70633	17.02803	-4.653	-0.29932	0.06803
0.0657	2.42	2.2	69	14.25421	1.63057	1.74918	3.60652	3.70111	3.59618	3.58482	5.2268	17.0752	-4.86936	-0.22041	-0.58504
0.0388	2.576	2.2	58	11.54079	6.01712	0.85547	3.57531	3.63237	3.64468	3.56119	5.48399	18.0279	-4.72112	0.94422	2.4626
0.0516	2.455	1.9	62	3.04446	15.8734	1.66331	3.579	3.65607	3.54005	3.54482	7.7846	14.73269	-4.78612	-0.24218	0.57687
0.02	2.874	1.3	64	19.33396	31.44146	0.98203	3.3885	3.46234	3.299	3.47631	1.61605	11.12978	-4.92298	-1.16735	0.16327
0.0814	2.786	1.5	64	10.55081	9.34673	1.07331	3.43676	3.46377	3.35871	3.46928	1.5996	12.61452	-4.87742	-1.10477	0.26939
0.0657	2.449	2.28	64	16.81093	16.82448	0.93124	3.62915	3.639	3.5501	3.6292	7.8696	16.95926	-4.61343	-0.26395	1.37143
0.1272	2.7	2.28	71	46.95212	8.0225	0.30044	3.70413	3.30918	3.44443	3.31776	10.0093	17.97289	-4.82487	-0.41089	0.97415
0.0399	2.649	2.2	63	1.12336	3.85697	1.06857	3.64991	3.49769	3.40202	3.47778	1.4904	17.13982	-4.83456	-1.27347	0.4898
0.0242	2.566	2.54	69	43.62496	1.82363	0.61901	3.42243	3.45509	3.37728	3.50989	2.44435	10.77991	-4.81124	-1.03946	-0.18503
0.0185	2.454	1.65	58	25.12076	1.80247	0.15613	3.54834	3.48093	3.37722	3.51475	2.6129	11.85278	-5.02555	-1.83402	-0.09252
0.0108	2.512	1.83	55	14.08079	16.6139	1.96134	3.53551	3.58528	3.58385	3.51931	5.63168	15.93332	-4.56985	8.12793	-1.98096
0.0364	2.598	2.16	58	2.50717	21.07813	1.3182	3.55136	3.69132	3.60723	3.63527	8.7732	13.62648	-4.75304	-0.76735	-0.01361
0.0371	2.547	1.9	67	6.47181	4.12395	3.28136	3.49613	3.53838	3.53679	3.5085	4.6509	14.96553	-4.67513	-0.47075	0.23129
0.0735	2.684	1.33	60	20.01304	3.31723	1.83145	3.44087	3.6709	3.4879	3.62249	6.9677	11.42383	-4.80642	-1.15919	4.3102
0.0135	2.619	1.69	64	12.21127	0.10489	0.80698	3.32504	3.50588	3.46256	3.43479	2.4456	11.71669	-4.85504	-0.99592	-0.16327
0.0219	2.512	2.28	64	15.60558	1.60442	1.38932	3.58596	3.5193	3.45059	3.50301	24.50892	18.05005	-4.65554	-1.08572	0.8408
0.098	2.569	1.5	67	14.61909	50.56455	2.05525	3.45651	3.62281	3.46588	3.57136	4.7465	12.49488	-4.79859	-1.06395	0.89252
0.1074	2.566	1.91	54	28.19793	0.78081	1.28819	3.63858	3.66201	3.60365	3.59058	4.6777	18.19571	-4.76007	-1.00409	0.49524
0.024	2.623	1.5	70	8.29172	19.47187	1.98236	3.45528	3.51344	3.39393	3.51446	3.2852	12.51363	-4.87387	-1.34694	0.51701
0.0409	2.464	2.54	74	20.61452	0.77553	0.72571	3.44167	3.73397	3.62558	3.78949	6.42799	10.75951	-4.82489	0.14966	-0.81633
0.0433	2.694	1.69	62	62.00858	1.06523	0.83656	3.33343	3.69523	3.5078	3.65921	6.8619	11.48409	-4.72612	-0.51429	0.09796
0.0315	2.81	1.93	67	26.2303	1.88003	0.47564	3.41328	3.51292	3.4229	3.56153	3.4705	10.8347	-4.91689	-4.16873	2.17688
0.0572	2.498	1.6	62	0.50721	14.17008	0.87279	3.4407	3.4784	3.40997	3.51411	10.08966	6.09243	-4.95582	-0.81633	0.38095
0.0547	2.663	1.9	69	2.37879	33.40301	0.75189	3.61587	3.3615	3.43794	3.35126	9.8636	14.86738	-4.6951	-0.93334	1.2762
0.1325	2.781	1.93	64	2.5467	0.7681	0.52697	3.4623	3.6386	3.5446	3.6898	8.8176	10.79517	-4.80562	-0.5823	0.16327
0.0191	2.354	1.9	68	1.1623	8.3758	2.83826	3.5216	3.5254	3.4486	3.4779	3.5222	14.92246	-4.78636	-1.11565	0.41905
0.0197	2.765	1.83	55	10.89988	5.55701	3.11565	3.5031	3.6125	3.6365	3.476	4.6757	15.86765	-4.65045	-0.76735	0.97143
0.0309	2.897	1.88	54	43.86965	44.40179	1.18298	3.5644	3.6071	3.5896	3.564	7.7576	17.04472	-4.60176	-0.2068	0.21225
0.07	2.451	2.28	70	13.97911	10.05985	0.99975	3.6391	3.6689	3.6186	3.6195	7.44739	17.98698	-4.77321	-0.27483	1.10477
0.0404	2.314	1.5	65	8.15712	11.06646	1.13884	3.4238	3.4877	3.401	3.4855	9.7	12.55434	-4.70217	-0.96327	-0.34286
0.0914	2.224	1.6	61	10.53256	4.37893	2.27599	3.4633	3.5316	3.4268	3.4933	3.7379	12.49183	-4.83464	-1.03946	0.32653
0.0995	2.765	2.2	59	4.3438	10.72289	1.18949	3.4985	3.4436	3.4257	3.4625	1.45348	18.03542	-4.71945	-1.20001	0.45714
0.0508	2.654	2.2	68	17.71348	17.71565	1.25879	3.6331	3.6783	3.5997	3.6332	7.4839	17.03595	-4.63998	-0.30204	1.36327
0.0341	2.145	1.9	70	2.03645	2.83243	2.14144	3.4002	3.5504	3.5733	3.5222	2.22815	15.01712	-4.76494	-2.1796	1.07756
0.0174	2.234	2.28	64	0.69486	3.0903	0.86811	3.4285	3.6417	3.4853	3.6274	1.4258	17.01331	-4.8285	-1.15919	0.94966
0.0549	2.654	1.9	58	13.93301	0.34408	0.47488	3.5094	3.6269	3.5445	3.6467	4.62697	11.12123	-4.68347	-1.02041	0.53061
0.0745	2.987	2.54	66	8.72342	1.31657	0.68273	3.4815	3.6528	3.5859	3.7112	8.7959	10.68962	-4.74014	-0.27211	0.27211
0.0245	2.134	2.2	61	0.94538	7.36663	1.37373	3.4527	3.642	3.512	3.6144	1.53527	16.02158	-4.79287	-1.18368	0.96599
0.0776	2.675	1.9	65	5.65595	6.65026	1.06342	3.6348	3.6186	3.6303	3.5778	8.81354	14.71342	-4.66594	-0.71565	0.12245
0.0275	2.753	2.28	59	22.46754	13.65873	0.91544	3.6465	3.6623	3.5682	3.6054	6.70539	17.00366	-4.7909	1.73062	4.5143
0.0823	2.987	2.36	69	0.78118	13.08135	0.92039	3.36067	3.57465	3.55679	3.50333	9.84682	13.83197	-4.73591	-2.48709	1.60545
0.1072	2.098	1.3	68	32.98622	4.44022	1.53669	3.38306	3.50675	3.4021	3.52066	3.70428	11.1573	-4.8648	-1.44218	0.87347
0.0874	2.765	1.93	64	40.10749	6.64005	0.26286	3.37666	3.52949	3.51957	3.50524	9.7056	10.70688	-4.58988	-0.42721	0.26939
0.0927	2.434	1.69	67	46.6992	0.545	0.82454	3.33113	3.6607	3.53125	3.64449	6.9314	11.47792	-4.71909	-0.28572	1.2381
0.0293	2.89	1.33	63	1.71566	35.60308	0.58012	3.51894	3.4943	3.44983	3.47993	9.63853	11.42887	-4.82898	-1.00136	-0.39728
0.0527	2.134	2.2	64	3.20172	10.41347	1.00242	3.78124	3.63538	3.66272	3.60037	8.8114	15.88071	-4.66695	-0.53606	0.52245
0.2106	2.654	2.16	65	8.65732	19.74853	3.06697	3.47935	3.51074	3.5679	3.55344	3.63227	13.7811	-4.72537	-0.84898	4.50342
0.008982	2.134	2.36	67	4.38619	5.4945	2.96642	3.50909	3.57919	3.56667	3.50661	6.7957	13.69612	-4.71075	-0.35919	1.54286
0.048	2.654	1.69	70	0.46351	2.80353	0.4786	3.32744	3.33832	3.32847	3.31424	10.1466	11.76461	-4.92317	-0.60681	1.09116
0.0624	2.098	1.9	59	5.83297	1.26522	0.54825	3.47063	3.59348	3.50934	3.52308	2.45503	11.09922	-4.75891	-1.08681	-0.18776
0.0944	2.632	1.3	63	36.09131	23.75974	1.64824	3.57834	3.46181	3.40605	3.40111	5.80821	11.12457	-4.7802	-1.33062	1.88844
0.0341	2.876	2.54	80	0.80797	0.80711	0.52305	3.55419	3.53922	3.49912	3.55457	9.1615	10.61982	-4.93885	-0.62857	0.2449
0.0368	2.097	2.2	62	4.58203	2.35721	2.08245	3.48227	3.73222	1.55419	2.78084	3.67318	15.92887	-4.64087	-1.11837	0.43265
0.0713	2.654	1.93	66	0.89882	0.85411	0.11753	3.32772	3.41803	3.39698	3.40562	1.3817	10.66477	-4.82894	-0.69116	-0.36463
0.123	2.987	2.2	62	5.24409	10.01567	1.69692	3.56331	3.62544	3.55644	3.57936	4.66245	17.12284	-4.5689	-0.71021	0.82721
0.0562	2.098	2.36	63	5.07731	10.26601	1.84018	3.49911	3.57488	3.48075	3.52567	3.52567	13.50168	-4.73059	-0.71837	0.0557
0.0528	2.431	2.28	60	11.10479	1.83072	2.25439	3.48093	3.58766	3.56756	3.47496	3.5869	16.98699	-4.69039	-1.11021	0.26123
0.0606	2.985	1.93	68	1.40754	1.46707	0.12639	3.37506	3.35532	3.41637	3.37526	9.8614	10.6923	-4.62126	-0.63402	-0.02177
0.1253	2.654	2.2	63	3.52653	4.17483	2.21859	3.42599	3.61078	3.64142	3.50082	2.50859	17.18675	-4.70467	-0.2449	-0.10612
0.0325	2.156	2.16	64	2.13129	16.3943	1.29815	3.56873	3.41953	3.39467	3.41917	1.57273	13.75691	-4.78146	-0.9796	0.26395
0.0197	2.786	1.22	58	33.13467	10.80517	0.75082	3.65439	3.37999	3.42545	3.42069	8.61302	10.19779	-4.70175	-0.96327	1.02585
0.0202	2.176	1.5	64	8.16481	8.01189	1.71874	3.46072	3.48936	3.41418	3.45804	2.64294	12.57393	-4.82196	-1.16463	0.34558
0.0467	2.665	1.9	56	4.29876	0.96972	0.5554	3.70223	3.5829	3.61301	3.52361	8.78027	11.03968	-4.68993	-0.23401	0.05914
0.0649	2.987	1.93	62	9.4216	1.0953	0.33222	3.61301	3.38318	3.38433	3.35061	4.59903	10.76439	-4.70017	-0.5932	0.61769
0.0871	2.99	1.22	59	9.94078	0.75185	0.86051	3.65008	3.41286	3.38224	3.41761	7.9142	10.22996	-4.80578	-1.083	0.66123
0.0306	2.432	1.69	68	52.39199	0.95458	0.57916	3.43414	3.31193	3.47488	3.29223	3.37407	11.77206	-4.79618	-2.93335	2.01089
0.0781	2.876	2.36	61	1.67579	25.84547	1.36978	3.63315	3.59622	3.55687	3.53868	8.7741	13.74624	-4.78048	-0.71837	0.3347
0.0248	2.987	1.3	64	24.38697	23.79598	1.59678	3.4446	3.47409	3.35918	3.41848	2.7427	11.18225	-4.89729	-1.22177	0.13606
0.003147	2.665	1.6	65	15.75712	28.32463	1.35359	3.43286	3.48591	3.47105	3.54553	1.8343	12.58069	-4.78978	-1.19728	-0.81361
0.0234	2.113	2.2	62	22.59775	0.63806	1.59607	3.556	3.68205	3.64231	3.59432	5.6582	17.09258	-4.88345	-0.65851	0.96599
0.0606	2.876	2.54	69	1.31854	0.34819	0.63401	3.49805	3.4902	3.54394	3.40597	1.4482	10.83685	-4.86039	-1.23266	-0.26667
0.0272	2.134	2.54	72	21.78068	1.66634	0.70475	3.63224	3.52087	3.52758	3.43195	4.64609	10.72844	-4.81575	-0.92517	0.05353
0.1674	2.546	2.28	65	9.43755	3.67629	1.34495	3.45207	3.61402	3.48758	3.59503	2.34477	16.98902	-4.76279	-2.88709	1.5728
0.0356	2.19	2.2	66	8.95537	3.71357	3.09876	3.50819	3.67604	3.69142	3.61483	4.5972	15.90773	-4.68965	-0.98776	0.58776
0.1435	2.654	2.2	63	0.37743	6.93239	0.52504	3.58727	3.7076	3.50223	3.7076	10.10939	17.18818	-4.92314	-0.89252	0.96871
0.0369	2.543	2.16	62	0.85726	17.16215	0.53305	3.51375	3.60146	3.49997	3.598	9.63516	13.64439	-4.71181	-0.8	2.25851
0.0776	2.765	1.22	60	31.5789	11.01977	1.11063	3.5147	3.4288	3.3515	3.415	3.7532	10.35507	-4.88149	-1.17007	0.19592
0.096	2.134	1.9	57	97.33633	0.74472	0.5014	3.6489	3.5807	3.6006	3.5054	7.7964	11.04937	-4.6465	-0.22041	0.13878
0.0692	2.223	1.22	60	15.90634	4.55788	0.99646	3.6032	3.427	3.3611	3.4188	4.71848	10.41143	-4.8722	-2.06531	1.78776
0.0357	2.887	2.2	61	57.69584	39.66127	1.28415	3.5974	3.7722	3.6985	3.7265	7.84696	15.77333	-4.75836	-7.5701	2.25851
0.0235	2.198	1.9	67	2.80728	14.48612	1.61071	3.5352	3.6342	3.524	3.6131	7.8585	14.80146	-4.84113	-0.36735	0.25306
0.0109	2.765	2.28	72	3.40601	3.40854	0.89669	3.6594	3.7094	3.6384	3.6595	8.4617	18.04603	-4.71037	-0.63674	0.19048
0.0374	2.901	1.83	56	4.35808	46.04454	1.2622	3.4437	3.6795	3.4973	3.6279	1.53111	15.96657	-4.82448	-1.96191	2.53607
0.076	2.554	2.28	65	4.01705	1.03552	1.5437	3.559	3.4598	3.4178	3.4651	2.4233	18.10647	-4.75739	-1.33334	-0.21769
0.1313	2.012	2.36	67	7.49756	31.61977	1.15395	3.4098	3.5499	3.5345	3.5625	1.59606	13.881	-4.75231	-0.43538	-0.2585
0.347	2.345	1.91	55	3.86387	13.2951	1.1746	3.4467	3.63483	3.60643	3.58784	1.487	18.22314	-4.68356	-0.93334	0.30748
0.0306	2.654	1.3	67	29.66376	9.65667	1.92498	3.5518	3.46118	3.43335	3.4318	2.1858	11.1584	-4.80267	-1.2898	1.26259
0.1021	2.897	2.2	65	47.88774	20.22885	1.80917	3.47976	3.5907	3.52444	3.57347	3.4703	15.89937	-4.61552	-0.74014	1.74423
0.1123	2.134	2.2	60	7.70831	30.0447	1.10633	3.7603	3.6623	3.6901	3.6196	8.7845	15.86855	-4.60848	-0.30476	1.13198
0.0362	2.765	2.2	58	5.34483	39.13018	1.00971	3.64078	3.6334	3.56641	3.63881	8.7868	15.88178	-4.59957	-0.74558	1.03946
0.0277	2.123	2.54	75	11.42904	1.29966	0.69295	3.5388	3.51682	3.55355	3.4283	3.0921	10.75048	-4.94055	-2.50341	2.76736
0.059	2.908	1.6	60	2.34041	1.32736	2.25266	3.44247	3.5933	3.53134	3.51388	7.8239	12.34512	-4.69524	-1.08572	0.30748
0.014	2.897	2.28	66	35.91766	27.12496	0.79174	3.61545	3.70483	3.6485	3.66439	8.8287	18.03057	-4.65801	-0.61225	1.51021
0.0744	2.334	2.36	67	7.31947	13.88165	1.87873	3.5554	3.5887	3.5731	3.4942	7.91526	13.4749	-4.87778	-0.60681	3.3143
0.0653	2.126	2.28	68	8.68354	8.73087	0.91818	3.611	3.65	3.6162	3.644	7.84617	17.94192	-4.75828	-0.22041	1.04762
0.0602	2.817	2.54	70	3.94201	1.44139	0.61239	3.4998	3.6341	3.5824	3.6811	8.83489	10.61542	-4.7725	-0.52517	0.13606
0.0495	2.654	2.2	59	5.19758	1.07363	1.33498	3.4731	3.5846	3.6102	3.5316	2.4198	18.02847	-4.75131	-1.30885	-0.48708
0.0248	2.134	2.36	62	5.29533	5.24775	3.01745	3.5121	3.5523	3.5863	3.483	6.8367	13.67838	-4.67993	-0.81089	1.80681
0.0118	2.675	2.36	64	13.25096	47.08917	1.96319	3.4652	3.5565	3.5251	3.5171	2.5615	13.92848	-4.77873	-0.30748	-0.89252
0.0348	2.897	1.6	61	10.6971	2.10766	3.10932	3.4888	3.4654	3.5245	3.4203	5.7797	12.60891	-4.72613	-0.86531	0.32653
0.0913	2.314	2.28	64	23.07515	0.54044	1.35886	3.6223	3.6617	3.5429	3.6245	4.6987	17.94188	-4.87341	-0.98504	0.32381
0.0555	2.876	1.6	66	5.48718	8.33151	2.09206	3.4794	3.4622	3.5011	3.5209	2.75617	12.63072	-4.77228	-1.79593	0.34558
0.1509	2.345	1.22	58	5.34483	39.13018	1.00971	3.64078	3.6334	3.56641	3.63881	8.7868	15.88178	-4.59957	-1.10749	-0.11973
0.0498	2.765	2.2	66	5.39943	7.12646	1.913	3.55942	3.76163	3.66783	3.71734	6.8172	15.88558	-4.87015	-0.31021	1.2245
0.0327	2.314	2.28	61	1.18626	3.3086	0.94991	3.47083	3.63783	3.50244	3.62111	1.481	17.03087	-4.82198	-1.20545	0.67755
0.0101	2.908	2.2	60	30.37633	30.3814	0.70503	3.62738	3.65509	3.64271	3.62733	8.8321	17.97114	-4.6125	-0.56871	0.06531
0.0365	2.317	2.54	74	6.47372	22.4287	0.29467	3.4078	3.4734	3.5187	3.4243	9.8387	10.73342	-4.67963	-0.45442	0.05478
0.0388	2.987	1.33	65	14.89787	24.57427	0.68253	3.40197	3.48907	3.39657	3.48489	2.47403	11.59717	-4.87319	-0.43538	-0.50612
0.0339	2.432	2.2	58	23.73287	0.50214	1.15997	3.6386	3.6498	3.631	3.5944	4.6855	17.91826	-4.8491	-1.02585	0.11701
0.0972	2.109	2.16	60	3.70698	15.65742	3.03062	3.4977	3.5461	3.6027	3.4864	5.70632	13.74605	-4.69315	-7.19459	3.48573
0.0562	2.543	2.28	68	24.15727	1.20563	1.40363	3.6101	3.6146	3.495	3.5892	4.5846	18.02456	-4.86039	-0.99592	-0.35374
0.0562	2.134	1.5	63	11.72344	4.83368	2.95749	3.5094	3.4479	3.5009	3.4129	5.7739	12.61233	-4.70365	-0.82721	-2.08164
0.1047	2.89	1.5	67	9.27264	13.9768	1.05911	3.40385	3.50834	3.44874	3.43619	1.5239	12.57267	-4.86769	-1.21633	-0.31565
0.0263	2.313	1.9	70	0.55545	21.54863	0.85166	3.62641	3.33553	3.41193	3.35805	10.0372	15.01023	-4.80656	-0.23674	0.37007
0.0652	2.876	2.2	68	1.15931	11.66817	0.41363	3.37608	3.39062	1.43381	4.45789	9.9003	17.13286	-4.63426	-0.34014	1.65715
0.0457	2.341	2.16	65	1.69982	0.93377	2.53782	3.48053	3.52749	3.56273	3.58367	2.662	13.76967	-4.79095	-1.05579	0.55238
0.0942	2.876	1.9	70	2.42076	4.01784	2.97172	3.50407	3.55822	3.60971	3.61552	3.3869	14.97907	-4.76756	-2.09797	-1.12654
0.0168	2.114	1.9	62	19.23	1.30823	2.10134	3.5625	3.64926	3.56385	3.54559	6.88141	14.61663	-4.64872	-1.04762	1.30341
0.1945	2.225	2.2	61	13.24368	3.82706	1.84841	3.69733	3.67252	3.61043	3.57325	6.8113	15.8699	-4.87381	-0.33742	4.49526
0.0642	2.415	2.36	70	18.51777	8.28451	3.22326	3.48308	3.51993	3.53991	3.51256	4.2699	13.78091	-4.71463	-1.30341	0.60408
0.0805	2.89	2.28	60	23.63826	0.5179	1.40693	3.57654	3.63983	3.59929	3.55451	5.6564	17.01991	-4.84699	-0.63674	2.34875
0.1056	2.343	1.33	62	0.3873	3.02474	1.00546	3.46372	3.50263	3.47827	3.42085	10.0798	11.62277	-4.94987	-0.7891	0.0415
